InstanceID	EndpointPrediction	BestPrediction	TrueEndpoint	
0	-358.9860301443766	-312.8034867871084	-12.320668284762757	
1	-2134.9333870010933	-1810.6075953852378	-2774.9930013923768	
2	-67.45648964844318	93.24486087565836	-43.83416753093781	
3	194.68031434434323	-125.39034454782269	-35.31078729829936	
4	3934.6905232259305	5932.482742229627	6884.955812948384	
5	-402.83135479407497	-17.526436677921907	-21.690563762717954	
6	977.6728939262907	751.0943066507123	998.0573371340013	
7	407.0653753921564	615.8911864061753	925.5831873143903	
8	80.97363738213075	331.530320441465	-15.77398029751444	
9	1012.8123716783499	2623.02251092215	3471.6067348486354	
10	-5256.1877895986245	-7038.31659135263	-9026.823013280076	
11	889.5499838658117	934.5937917180279	859.3497092692872	
12	634.5646777008157	2485.7073800294156	2762.9238284902704	
13	-3780.0074584758336	-5059.804572302097	-7107.202931478062	
14	-1030.5762440371611	-2742.627787618531	-3765.5886376580615	
15	-1442.0974827978735	-1979.8450203591246	-2191.3639023468154	
16	-6.655208106665274	-362.5322610341177	-758.5399885058673	
17	-2077.401053070501	-2506.866094567069	-2327.13489844337	
18	2503.520939684682	4349.52244176245	5097.795283679252	
19	554.422028247918	1660.8467873336806	2036.721440536395	
20	-1888.7253910905492	-2605.530416283	-3245.078514990214	
21	-219.71304402615456	-731.5165700173885	-800.8804842809853	
22	-1265.4435605812475	-2987.5753300841734	-4080.258322327698	
23	3619.8124170816914	5448.515552962013	7040.523972293361	
24	-375.7339276196951	1360.401586969368	2463.5764067344753	
25	-188.3416392170329	76.34986046053153	144.22951569793273	
26	2851.1919994104474	3877.3541569125505	4737.84705276155	
27	922.1738475075483	624.8506167886469	710.8606894692316	
28	-1318.7448603599503	-1795.3163752763821	-2072.767910213007	
29	-3490.6082783503343	-6164.3466818615525	-7524.065147363995	
30	162.53578136294547	144.236805097666	-30.888536450559766	
31	1386.0618000609513	3243.6196368387123	4549.22874772503	
32	2618.1156258273154	5049.523915118109	6935.017856349655	
33	-193.76161633098576	-199.59453940090003	-488.5990579635994	
34	649.0311120370263	619.4697014965059	1283.6396002400543	
35	3147.8128035342265	4504.594899841248	5613.489788127565	
36	79.8846569363967	193.2833128732525	237.76482139585792	
37	1033.6080766338616	585.6068050296439	158.26531235337632	
38	2687.7151220442092	7217.998011558369	9422.772952114177	
39	-2003.7553191405968	-2726.376453182897	-3052.409899249552	
40	-148.41974560751166	-170.788837756904	-1038.9710723269584	
41	-2952.874594942216	-5171.179456569922	-6412.494706670784	
42	-441.55363249207204	-782.1153297158824	-1098.9118945130506	
43	797.84955853348	856.4851979227119	898.5532041899165	
44	1879.910429658919	3262.5127506652825	5101.403881925776	
45	-146.6291434734844	-499.7312330359922	-416.55405354293134	
46	698.5794056725083	1246.7820214293451	1884.6994980124311	
47	304.7181933479303	246.02469575345557	455.7249880537739	
48	2308.3370262203784	6157.071717290194	7964.319887808862	
49	-1979.6918463753764	-3188.9843691727147	-3997.7584474438913	
50	675.0854249846918	1788.0789327358	1516.0676480474763	
51	190.99330598296214	52.959726276825734	43.577838287231025	
52	-268.8356408710512	131.33965872685073	650.9096208657846	
53	135.5550838011779	-237.01885525330397	3.7560735340045404	
54	-1052.7591710269035	-2017.0446653360323	-1695.5925618637384	
55	-0.29307370028985025	548.7983723965665	559.5610267182633	
56	-2714.6568754773407	-5795.64162225978	-7124.102878390756	
57	36.10734508770652	1468.6611943060093	2571.7065082900244	
58	-1049.5924146984928	-2634.5092492353006	-3001.98419943163	
59	119.42979611399808	-162.2002779104842	232.16051713370567	
60	950.8062484666056	2751.5963775162454	2720.000929227118	
61	1553.9462632152856	2599.9197871432652	3499.8212803208403	
62	-3222.7655998020514	-4258.100395262888	-4404.974533096899	
63	2337.1324027919613	3891.4082411923555	4673.040345057151	
64	2653.3235878288833	3511.737390670204	4238.5019870496035	
65	-32.878180383675556	-1517.338746019103	-1619.418508926324	
66	-473.42236129372344	-196.1002606551113	-96.00655943169136	
67	-847.8050265967912	-1731.180486190825	-2102.4676301795566	
68	-170.23172943538714	-265.23013504933175	75.56659078650962	
69	-5375.997409438979	-7176.59800304583	-7866.721440769821	
70	-192.46698113849106	557.5122995097446	1016.8681285836525	
71	2224.373179289763	2383.6722577348232	3344.6832102141593	
72	175.24843355658746	2573.5293311795813	3886.2103214910585	
73	1240.8379649369033	1055.1608973554655	1385.1729956660706	
74	434.9407404830031	-388.5304468084704	-748.0026890942652	
75	3177.284690964787	3318.386878606043	4137.730248363527	
76	1207.1679831672793	3449.195650435718	4728.045604620058	
77	-777.4989401536277	-1259.5089626466693	-1481.0474009832265	
78	3795.9703390934305	5297.865475364094	6023.953254875218	
79	-220.331950491944	-34.627998249510014	210.36197379589782	
80	-815.809913453686	-1122.8441353936555	-1335.4435923296744	
81	566.6867522950411	322.4076556560021	28.76737972635722	
82	2156.8042726917274	3283.891479359338	3925.7187239365426	
83	1720.6538348340216	1474.4288583287687	1880.8459681986355	
84	605.2896886479291	1319.921042922253	1460.1113085927439	
85	1638.343149578061	2869.1129143228964	3736.5855326561928	
86	-1631.1017866292314	-3647.468865362051	-4915.353710697327	
87	-3804.832205456182	-5565.186687675032	-6249.442122872738	
88	-2.280491835431498	-217.69332415419603	-788.249368991005	
89	-4156.828605768106	-5890.036992031206	-5961.099665035892	
90	-686.7251842822942	-1492.3117028024085	-1425.8027824292917	
91	-1719.1049752626636	-3909.459644531502	-4903.338278308608	
92	1140.3990894201675	1467.7063438696828	1151.6380480037249	
93	-2853.5436202608003	-2737.8161654569276	-3067.528500784205	
94	583.1064537346417	666.2106751910749	1166.6846248308123	
95	-5467.8468629667705	-7930.921303218529	-9530.952498236693	
96	465.3702145770271	833.9159313338946	1179.3455855179664	
97	2112.6386692226497	1967.3598505329524	2286.01659966472	
98	-3795.8892325465417	-5447.740568452719	-6868.337159130266	
99	946.0339118262759	1886.9680893792256	2420.962344587662	
100	-457.05279514833353	-474.0267505165549	145.44199936384877	
101	-178.2097557606978	-636.1955418326343	-499.21719304182284	
102	934.9479787795821	596.337996115622	557.0480470825975	
103	351.04360671608526	127.18992289690311	120.79526303571151	
104	1052.6258214640177	732.8978414700074	1905.796205947033	
105	264.295270636952	308.4739799720209	438.8500011903459	
106	1265.322747213985	1551.2033230160348	1874.2157431047842	
107	-2030.481372470335	-3671.473325834292	-4041.2803135477875	
108	2353.820556168535	3198.0264351841697	4437.155311168932	
109	1772.9145258769113	3838.791655478869	3837.0334751309333	
110	593.7494317082783	1044.7602348958944	1507.0688962834706	
111	-244.0058068568422	840.3757819610094	1010.5480390042056	
112	-1642.126114785018	-4216.479231546707	-4912.347659429155	
113	-2703.1176061806295	-4852.354542771607	-6555.033027123296	
114	935.5481276458659	693.0203605735168	558.9289160376663	
115	-2507.14105246204	-5143.632171360182	-6312.465042420513	
116	2224.5014472910243	6340.470338760966	8285.387458464955	
117	-2461.0185676481137	-3095.0248844693633	-3522.012524505146	
118	2822.04249755364	4652.846928290144	5509.2556793626745	
119	-984.1187145628196	-725.1484379907358	-424.46964883930536	
120	-1699.7991303902447	-2862.227262138683	-3547.1218821983043	
121	4157.723958236639	5845.732104080755	7210.725008999756	
122	1295.680783632444	2338.9393311849794	3992.769163253725	
123	1343.4687184934955	3333.7486404562123	4376.9712958054615	
124	3030.109203252946	5062.007856039714	5455.90147516788	
125	130.45327067982313	-479.9383874519876	103.44760318347141	
126	971.516375442417	1792.6196223578552	2809.8556303009586	
127	-117.30315002162942	-614.3798072344218	-943.6538795048108	
128	-4821.935014183247	-6906.555375008213	-8192.260055393735	
129	-12.281219689680555	-409.7705356301666	-467.0885859924899	
130	800.1080019506187	877.5425316143208	2014.5415807095865	
131	1774.150906305174	3257.3769402404287	3701.2093259398707	
132	-176.01436581303122	186.7244586585205	287.06249722053445	
133	-92.66829673774826	12.191479078814794	647.519319741583	
134	364.14291675409083	-343.87256653653293	-713.069488414485	
135	1625.6254565631389	2978.467431875449	4077.2558236124946	
136	-4240.660501121459	-6225.314149850313	-8222.173958101183	
137	-2938.4090298078545	-5601.210640463423	-7351.176864450577	
138	-658.9382569307202	-1698.0248748957583	-2083.477628695664	
139	2297.218444813877	3284.9689315045994	4881.506473125749	
140	1404.896201374605	2537.870315859088	4072.3211040566575	
141	-814.318540992891	-1519.6420860351925	-1894.1481612696757	
142	-2560.2442726748177	-4865.54071080434	-6364.671220191262	
143	225.4027752792242	254.81886276960887	400.126330098161	
144	-336.9623066352581	-626.584767188509	-254.14867644032935	
145	743.2349421114717	1452.8874396186723	1545.283422819689	
146	-516.9647694090482	-656.4790917839707	-1095.2665569040357	
147	229.8887579826443	152.86541843911107	139.06785377059165	
148	2697.021363378137	5101.963730739917	6565.877670812958	
149	-921.2783019062783	-1145.9855456682346	-1445.468970728966	
150	-1325.4233915911248	-1132.4401477250983	-1394.6884111821705	
151	-984.1308439083022	-1100.1096641469135	-291.50425296530375	
152	4.318191515546749	97.57073759245455	44.274555301815774	
153	-2082.1679229676784	-4998.939112132653	-5987.648578480132	
154	-1954.3258339839265	-2380.0944227426176	-2345.0781654932175	
155	2968.0279719471605	7452.288269885635	9122.001504669535	
156	393.6717786164656	641.0821443051225	1168.088391813762	
157	-1499.5973712652094	-1345.7333236592672	-1977.3777259576386	
158	370.17917534252103	-45.047442817960984	-264.3263751856638	
159	3762.3091923513093	5923.061930847784	7399.777631053743	
160	-1881.1390785020008	-2845.241712579642	-3272.3794918350413	
161	691.0771577241588	818.6526017465194	1450.6219107216446	
162	-2149.91807734104	-2774.58736105012	-3149.5416764925094	
163	-1695.0137754772757	-3301.0819329402393	-3411.9130177285524	
164	3937.5706687987617	6232.806511529567	8585.615225339407	
165	-1741.7704077509911	-2526.025261723873	-3140.710220938145	
166	-1213.8375294756781	36.284666423634576	115.71863879279535	
167	-60.723456766236616	-386.5757455491353	-363.84684096770167	
168	522.3525492843498	-561.7552279701351	-496.2936738315179	
169	-8.11826502762971	-369.68892911840345	-533.6321466816516	
170	542.6027930684508	2164.777887575458	2246.6738298392856	
171	-5510.272128013155	-7829.172486919813	-9424.650015963158	
172	-361.2667691578345	-1012.1359753145421	-1395.6604360831104	
173	34.00823591424344	-103.10669084516663	-7.523606788315413	
174	-1176.4655168965573	-1897.0083379489251	-2637.7402388492833	
175	-429.7514582336002	-470.1375061168685	-361.54221746144907	
176	1.3277859648302979	-98.33807773275706	-598.465788330777	
177	50.867504970465234	-746.2959222780235	-1038.6479786279995	
178	103.07252570013854	99.75360253439115	-207.2219886486934	
179	-2375.36460475716	-2738.1008868461167	-3710.8039668698575	
180	2396.331527422956	2337.8589617691787	3383.8443377766284	
181	-1982.5980188390731	-2399.0201865777453	-2400.8182864350333	
182	1539.0531834930239	1987.9027395967705	2235.8690325147904	
183	-297.3305739479098	336.38589932454147	188.30432754760568	
184	2634.883352606328	4566.441240658399	6032.786899557932	
185	2381.2688326211555	4183.69785019266	5108.718818886704	
186	1279.565647391325	1471.7395580654484	2173.5439650208755	
187	-44.423940737828104	-683.615933143481	-484.43368135593727	
188	568.4314517211831	819.1714613157599	726.0443256212039	
189	-148.25593786533298	15.057515445169628	-177.24397550174623	
190	193.61091996054986	-307.17181781896943	-524.9806630812216	
191	401.9911101926263	-481.89792897305745	-976.6650788028599	
192	-1928.9773737446617	-5173.870122810927	-6625.527168448411	
193	4001.237593949018	4770.7833029497415	5950.835263121324	
194	766.0826935012765	735.1938527621836	577.4183339884605	
195	-2632.0651656863424	-6461.601416096946	-8352.626965214124	
196	-1353.3799414411158	-1894.8876010431634	-1934.7860861188346	
197	-1115.3610365044055	-2231.4206740343443	-3163.607173608446	
198	-1355.27470603702	-2468.722291676061	-3166.8521979678358	
199	-946.148167039475	-2555.9161645910617	-3178.610139455829	
200	-360.7412909165247	-336.8576869470263	7.010070717037809	
201	1150.344526602931	3284.8219058244076	4669.250504194982	
202	214.02091795279554	-304.9785687923494	-215.64898458332968	
203	-1.0345302529133018	-330.3689843720586	-392.6322525433341	
204	2026.6944802489759	2843.6493480233257	3561.9466480493716	
205	2817.151161452992	4168.915068249718	5882.135626410061	
206	-1809.0721740070042	-2934.3519420168586	-3113.305671170876	
207	-1139.0535724846407	-2572.5002235610636	-2878.889261074052	
208	2435.4462464712506	2645.249290816538	3454.5303712689	
209	-991.3839897846476	-2054.7634559156904	-2326.473372199109	
210	202.81968150698643	-158.76619473247763	-650.6699451710855	
211	1514.746934923754	1914.8917823766683	2098.6663840041415	
212	-604.655077718602	-388.4947510920467	-226.97294681974472	
213	171.81238774401945	236.92259224588264	263.0029384010392	
214	1513.3614252277657	2456.3473691733366	3626.055969751447	
215	-1906.16267141796	-4792.822888789113	-5988.311798002244	
216	1557.4354237360194	2827.982140487433	3617.0914525676785	
217	599.6910490019455	2691.971612634992	3571.543748000272	
218	-1161.2273779591226	-2213.2667523115115	-2949.422854865349	
219	2162.876541619124	2539.2515572675175	3315.65612061239	
220	-1916.459786934067	-2669.7794971403546	-3150.8103849102795	
221	-90.60111864500772	-74.09827362585997	-41.68523575408856	
222	1885.366896666461	2434.2540198275865	2964.0776351310165	
223	-1987.0561596839455	-2586.4045446956434	-2823.0504376861445	
224	-2479.373488522962	-3132.681478255143	-3720.2016001908396	
225	50.479880517339495	162.21213828086064	203.2508234318499	
226	577.2587929610008	-210.79632677525072	-727.8279428046574	
227	-594.1924057394476	445.616490582043	859.0615827847885	
228	-591.5160380282854	-624.9576341677418	-480.3212159212182	
229	-875.1525246280445	-1004.0870739294583	6.517886937667446	
230	-666.999399729283	-675.0016655863765	-593.0313979531479	
231	397.95434786290434	126.03087594609707	461.2200878422847	
232	-2500.90753122459	-3004.8378621388574	-3226.510787906553	
233	498.1765699513756	1656.3182436241218	3076.7997088367524	
234	-1551.362021732577	-3953.5213806582606	-5136.080130998992	
235	-2115.473136511327	-2488.7279855632705	-2778.2373732686015	
236	-162.55593520954497	352.17802866917475	-94.33050766731759	
237	-1745.6501789394865	-1968.4839491582466	-2010.5720814725191	
238	2571.3731354599104	2491.424147711311	3115.1463917286273	
239	556.3052564455792	1074.5795120601588	1433.8217773102251	
240	1.4866750912203162	-341.0031682174218	-788.5118844771946	
241	-1194.5135553173593	-2017.540442013662	-2296.738275538673	
242	-103.27880403374083	-282.68796225828817	-96.09736814004808	
243	-294.63662430919936	-437.5134260698049	-104.95658232693454	
244	2211.4621217106746	3278.9947994089925	4386.363647913967	
245	-2508.817427864626	-3849.2553962962975	-4948.294753481389	
246	1560.262147393256	3618.8439931548032	5355.2399794966195	
247	1124.500334406598	1497.6021750815212	1542.556569116265	
248	2370.3252756037714	5014.222765355478	6484.528706333605	
249	86.62537200636183	9.556689162855974	408.53787106115055	
250	-1181.6250630964607	-3774.122646716018	-4800.128363107304	
251	343.75635299516307	-1374.6404146724153	-1680.6777071218894	
252	505.3070862084851	409.5688702963105	720.6166088094617	
253	2271.1670190233554	2047.7521187532088	2710.781561204015	
254	-515.2280847743291	-314.09983657630715	-95.61968455250347	
255	1098.8817806993627	2409.4578822712565	3378.9210597679494	
256	545.6957541071583	-1206.0167916863675	-1108.5947764438463	
257	-1569.4197756912247	-5248.006437659667	-6598.657587190426	
258	978.0457740069099	947.1857583974335	993.9044540554397	
259	-333.119719988204	-186.50852720228494	60.866322360319124	
260	-77.48231994915491	-261.43561544260626	-315.55734944891407	
261	513.0575377164103	394.41201211139537	133.9396221741717	
262	-296.3045611620528	-1015.4025426255098	-1191.4497968847675	
263	-1433.6482945324315	-2419.3745690558717	-3723.249255190356	
264	-3797.5923679496645	-4654.446984595766	-5980.582062562668	
265	676.3324306816772	541.0944073195874	363.95816502528464	
266	2.1712846563772694	-94.94167102707172	29.77634520952371	
267	-1117.7653956307076	-752.8850957052564	-648.3971830541342	
268	697.4502474538253	2180.3427204364134	2987.767962663347	
269	-91.06164863614562	428.80672007460214	109.5460484309891	
270	3275.8965477715037	4410.414132151981	4960.676317539264	
271	-2293.5818368710966	-4441.46125268094	-4460.3386816452985	
272	974.7700780933196	1976.0592076245794	2574.2422920498634	
273	602.2987234527266	470.6384545243852	121.9791591853317	
274	773.7229170868114	2362.755223813855	3199.940063216723	
275	2721.226746999588	4552.912460629327	6401.324550475719	
276	50.3722137628672	158.87930452121	463.94962391466214	
277	-418.50587343792824	-886.2858006177104	-673.4953119235236	
278	1936.0794940903775	3262.16415515425	3838.804173705936	
279	203.22877370429438	-452.92216966518737	-735.5808725051274	
280	-40.90005325923972	-980.5214873816217	-904.501750988308	
281	107.6664217050236	940.8783438811452	1313.1914266306385	
282	-998.8810835776185	-3450.4635618829752	-3860.8457685879685	
283	1820.4886443429853	3301.6418696144547	3861.5678409337315	
284	-437.75614090633013	-1151.1607488771606	-1739.047343116466	
285	-1750.8561389511005	-2609.3613090395875	-3403.509172512586	
286	344.7116432054226	354.41777891089816	481.5964008526701	
287	702.5220285117377	1627.1371450839333	2206.3198147785274	
288	89.11453567866799	514.8999562193104	1260.8010771366635	
289	3129.857671784444	3511.0615821993606	4331.962847270839	
290	-1081.5847382580662	-1194.9438166979253	-1216.522547003147	
291	647.8641071874965	897.1374884306991	742.764869153205	
292	-1122.6559611182881	-1371.3612730662146	-2320.402677969363	
293	-39.42710194062753	-233.07551710719846	-157.56131283313542	
294	591.6341501508296	971.2344232501326	1137.4537318820064	
295	-159.84681065416484	-79.02242049472423	-10.098764203335069	
296	-308.79508426987996	346.37303011001427	924.7038415956439	
297	5491.717415429809	6065.740516780077	7624.819949433258	
298	649.9779791046853	597.8089652109409	319.9060197043358	
299	1118.241643304034	-315.1494076892504	-483.0701607440325	
300	-2090.0360657646197	-3248.2768134626212	-4254.008081714098	
301	-2150.8146926361555	-2362.6262248629027	-2993.2226958593524	
302	614.9892589385302	2254.03638211223	3086.2794204820975	
303	-2915.645220632103	-3270.528001968949	-4186.556877591069	
304	1875.2794431641353	5933.196212383174	8235.815531950924	
305	-543.0962551206865	-391.3606322236108	-401.31354049010446	
306	766.9034973489669	1176.5700619058862	1180.3815316417688	
307	1492.0629202055152	1996.2659249278115	2017.619586318428	
308	592.808525686366	1605.7577555946682	2301.3934754983316	
309	813.1131857449184	1303.5372460205554	808.8362308565125	
310	-2683.3973547840974	-4399.500462278398	-5257.8608192038755	
311	351.7919823599309	817.8923363201479	848.4953338515194	
312	357.93598359616067	21.92195520498688	245.42103640859844	
313	-3388.188764458649	-5325.1249486609395	-5751.329142487183	
314	-4455.014564199097	-6356.378250054385	-7292.854601304193	
315	131.0999752769619	683.4138203253656	842.3556975182264	
316	-1011.2706481199561	-1787.7703482230725	-2953.777410973651	
317	-1857.544122912482	-3487.1847453712685	-4096.646251328712	
318	1198.173784218431	1249.0736981674477	820.380628224342	
319	1888.006689700858	2306.1727304831065	2905.823720101447	
320	-283.377805116442	-278.56169580471453	58.5007468953954	
321	1025.7671052280116	1147.8361465626276	671.2687917489878	
322	81.75054344513889	282.156566788055	663.4132433363171	
323	-656.9168736989172	-1507.5399800150772	-1620.7539091480846	
324	-2868.602461839048	-6501.942368334705	-8546.778834502342	
325	-668.5927158906419	960.7326367771786	972.3746227378812	
326	1661.3943194553767	3247.34939724942	3580.2346979367403	
327	-749.9207838298153	-339.90671930249954	-310.94413802770504	
328	2516.9929592916283	3386.198449599505	4208.806236797162	
329	341.00352782502364	502.79687650781733	193.44643695610384	
330	-2387.481412604541	-4527.703677429134	-5512.853833831663	
331	410.10273114190903	394.76409213667694	-352.8782559439325	
332	291.6858843976093	-1267.6096893658791	-1958.3193079319578	
333	-2679.1311620063652	-4567.301792057635	-5401.188553892945	
334	143.2688358735024	-156.74309986563614	-337.11439023182425	
335	4198.487891334867	5405.212521105892	6545.00180038792	
336	166.13861348682337	761.0690610924544	1165.3069254102177	
337	1166.253971586314	2712.0292622722336	3518.0532073571426	
338	1341.859450300715	3132.8693397830366	3939.020489307338	
339	578.1188417738183	1380.7015383212647	2156.025610421146	
340	-1163.9925758624063	-2404.843489212146	-2873.6056772589313	
341	-133.4402166615323	1044.9600599119833	1394.7849099176053	
342	-225.65691747733163	-942.0372990107217	-1466.7959185683362	
343	1556.6881605978806	1751.200784059804	1310.8454744613782	
344	175.75983517947398	736.1297417269982	1545.8707465609714	
345	1185.4650601460996	2477.103641776868	3583.6131622644066	
346	-3616.6312340529316	-5136.205023894681	-5679.075311869036	
347	8.278726071514999	51.66044126931112	105.75657766905135	
348	3769.915634866511	7136.782977797368	9386.577684972812	
349	-34.78042393541301	70.78019262609078	-138.02509922625939	
350	576.4067954489657	1018.1030363990864	1108.5263658737279	
351	-413.1295821065195	76.82565490210948	-10.70568155250219	
352	672.6070670784214	810.0855521087773	502.82857186972245	
353	618.8244554545214	423.96826719171156	914.0590477574605	
354	-1295.2536674856256	-2895.5034487718053	-3246.7749562949534	
355	77.14676843814352	567.2088083785147	1375.9446548219082	
356	-5134.3204900641695	-6279.9462481251785	-7394.819852884929	
357	1182.45583335932	2011.7286770040323	2611.0888211949905	
358	912.889820833514	1868.940018730891	2257.7731163704716	
359	-1599.1639327645887	-2516.771729463522	-2824.5895971944356	
360	1118.3947002767266	1856.5531124369654	2023.3247089392994	
361	1388.1381634858678	3483.50664026214	4552.983586010989	
362	-747.0350538935666	-967.3138282067257	-987.9198106774429	
363	-1091.6536045201535	-413.19201641552564	-74.83482459652907	
364	-3689.679561062882	-6130.012433277858	-7546.780017913681	
365	1365.326080949506	1840.4614969291742	2239.3779078081234	
366	-330.707147685795	-970.3911399461692	-768.5539510530537	
367	-46.896915116980416	-52.849706938578294	-246.7730635965289	
368	1490.6178257448257	2826.621405760693	2966.5377287697384	
369	-1117.2613363266883	-2382.2481591726937	-2929.037762031016	
370	204.155718865	-261.07708598808256	-54.83784640928176	
371	-3057.015169604889	-5045.864150632739	-3923.556612505016	
372	-2959.964467482278	-4659.473379510957	-5948.165994631929	
373	1004.2656064328798	2144.657735376879	1975.0663035081407	
374	-820.2828425108263	-1548.5814871830837	-1750.201817835973	
375	1890.6929669771764	3563.91996575501	4722.744780765279	
376	393.9558806226367	1199.329386757739	1337.664331619592	
377	-1831.4381490066364	-3151.572079119729	-4379.8478901149465	
378	23.071568285505982	392.53570301068123	688.3885350795666	
379	251.47501285504052	-448.77050445344724	-451.21116117605567	
380	-464.0352044794342	-1260.1300421519736	-1189.3960084508838	
381	-564.6418467855752	-899.3315677093362	-1715.6179597709022	
382	-2785.5219787512683	-3658.7541307119395	-3837.3276739431312	
383	429.50710321117543	347.117657603648	679.7817110890702	
384	626.1680309008223	1687.9636392267616	2279.2386747626924	
385	-358.4514771463827	-440.92399580092837	-427.9632655000555	
386	944.9210547295471	2102.236913838822	3500.0924798919996	
387	-213.08112220759156	444.5867991828155	610.2122472289612	
388	1688.8400494502212	4412.580020688609	5568.3183549732985	
389	3287.6908199202417	3570.235644921442	4968.68474818451	
390	28.690185908478384	46.92591557203582	141.79842052219064	
391	1209.7438017832776	710.4998127285482	1119.7837618473325	
392	-910.1964461022659	-1878.5078390784727	-2714.818813075196	
393	957.6645406352834	1161.0800478296662	1023.127398293029	
394	935.9055468456219	1580.4754809054384	1315.6209763726283	
395	-1211.095310573678	-1114.4428868712926	-1091.368665431539	
396	194.91229062992446	-651.0793612585323	-481.5437897005526	
397	703.9568199468815	447.4900332759196	643.0755622864776	
398	489.6062735095815	375.0146047527188	330.3076675846679	
399	-31.549109728199433	40.19304392661692	10.008189954677636	
400	-1346.055333503215	-3595.6042262334795	-4276.268935707938	
401	1935.2996028438483	1435.1794084912397	2289.9822834688957	
402	337.7556600204215	1572.7902907731864	2071.553727743989	
403	1901.239511363825	2275.6261160312497	2939.679558326786	
404	-116.20621674875643	-249.89055666420785	-371.5774636726907	
405	-4227.075585378679	-4792.697529731978	-5836.1793225948295	
406	3353.989351854811	4307.62359753069	5916.937089929961	
407	-1019.7608695869557	-1925.8063561388403	-2135.299678628754	
408	-417.40942228287366	-1927.0464568524274	-2484.888754906842	
409	-791.2478161838903	-852.8419747928532	-1572.370660714087	
410	2798.19086756325	4110.134216592567	5250.04665357434	
411	-429.4549367587086	-211.32312262755153	-637.3105538726122	
412	-1114.9245787499606	-1251.324506453661	-1050.8921224452	
413	-1078.7657007819998	-1563.4794091193671	-1544.109129997719	
414	716.182625506975	565.3350087179231	575.7316476793842	
415	1719.4366097000689	2517.459509048099	3092.2388066371395	
416	-1253.2069054404428	-2382.646381690053	-3100.5483590013164	
417	-2081.202883613569	-4953.769954312495	-5473.57832977533	
418	-2536.326281195382	-3319.7630404308698	-4042.2209751213236	
419	-467.8241447570577	-1567.171098317755	-1699.0487522232359	
420	-1143.1132417358597	-1244.0122540589357	-1003.087104458064	
421	-1967.585438262543	-3139.1582953958186	-3745.172014419512	
422	395.68482865138196	-121.86410403036153	-517.4453023686076	
423	3300.3372272172533	4218.472463216441	5701.755865683683	
424	-741.1618889069805	-1277.21491779006	-1392.800921836747	
425	1249.1235688828126	3157.9051774729633	3193.5665270132918	
426	1040.2150152643903	1276.6643588547518	1296.7927537916974	
427	-1740.9954584500476	-2097.5969716043924	-2729.639879503759	
428	-1898.0756945094038	-2324.959121566911	-3129.8460808058376	
429	-515.9219648323478	-131.0664145802473	43.88847228650987	
430	-417.55394548742106	-501.98265176133054	190.93533095646384	
431	-403.891750645286	-1365.052339402492	-1750.9006245916378	
432	-731.8804877099053	570.6473261862855	984.662025393134	
433	401.127910484392	811.1013767791281	942.1035548401321	
434	3591.1089656437925	5853.725318725595	7041.773110006284	
435	-1562.826875324538	-3313.3599424588674	-3569.7787861697093	
436	-797.1872328162051	-1055.7193448657613	-1764.3816326497085	
437	-1387.8377566603924	-2581.6709951840194	-2639.3751286389606	
438	337.70381831508433	326.9891988187147	266.8636369934545	
439	-557.3447981698988	-177.42674016881895	791.8940507455898	
440	610.770211454501	571.3309146153496	-402.3964412860308	
441	-571.7840322683202	-2152.084453628797	-2530.407044176934	
442	-649.3499453321247	-1122.8995483691074	-1493.3895363346528	
443	-653.1760948194968	-218.65387810099298	152.52886165350367	
444	13.24041574856706	-1313.6333497146084	-1883.1858662459074	
445	-2039.9825820566289	-2619.0417015948824	-3152.94898838087	
446	1813.6063340055343	3410.292803529921	3610.875761682499	
447	360.42117957723747	575.9601655048784	479.08094394904384	
448	-1153.1234936329952	-1930.9994026837276	-1676.6303142408558	
449	331.7663801786975	512.1874869846733	-98.52482040188784	
450	115.28482207455535	-1285.1661106650424	-1937.50059627359	
451	-49.24499154952665	497.4015677579453	1551.531084644002	
452	-647.9678390887339	97.65164324210348	279.0756495614018	
453	-579.1653397699009	-1940.8157412531948	-2325.354082305964	
454	751.2940031375497	1054.0312814680929	1587.488925248782	
455	826.0966214978642	1445.4002731778141	1868.121281051089	
456	-260.8615118681316	369.178544923074	1145.1493879813415	
457	399.7919461676228	551.6320994179162	1109.456910652822	
458	-133.83204035017565	-779.6409952524291	-880.9693098892667	
459	1091.1586385438688	2588.8015274456448	3676.725090077779	
460	19.499688233159358	2238.674570601168	2460.417238835065	
461	423.2152790030664	1485.9011523663369	2641.9201043334515	
462	956.465518769868	199.5972364848036	896.4244260888727	
463	-1227.5652990055114	-1858.0994050976722	-1716.939932693598	
464	267.0516496899073	174.41029606747094	54.76890957390645	
465	-137.6515799498034	-289.6355538445241	-79.88664953864172	
466	-658.3179207249606	-1743.3841287664025	-1823.7504221261945	
467	108.62231958222462	570.0734315977655	1042.8919518499479	
468	-1418.046401024954	-2580.9583428126525	-3448.940872161763	
469	-2419.9158326598963	-3290.2384294406265	-4353.610468403049	
470	-3232.5546779693505	-4501.838309774812	-5811.30890865637	
471	898.2388152211387	3930.467997640526	5408.698209762867	
472	-194.58420016332917	-467.12371980782547	-453.1435724290028	
473	-1852.4788731363046	-2633.382910212127	-2876.180726730236	
474	1725.5644530026282	1572.8445352170734	2702.8218946657125	
475	2357.7601679599584	2794.532748276733	2765.6347907428694	
476	2494.0145536713794	2678.667963000079	3534.1594770025063	
477	-2532.285237809585	-4387.619520474002	-5047.1170975549885	
478	673.7004060159156	234.53325658085174	709.9370063690056	
479	-2040.9739787140556	-3453.283145303032	-4410.942634304595	
480	-676.8935745882442	-937.3635060885687	-994.9602492930102	
481	-2276.721789562863	-3104.801962142311	-3940.436050131164	
482	53.60672077247887	33.34869982231654	-0.8814139138316526	
483	261.6294849928756	843.8260552568829	977.7946076550556	
484	640.6233695824722	1071.8047302109237	1412.0935979488763	
485	-3835.0160214937814	-4846.509143966474	-6945.403582248135	
486	546.7131385827004	1255.0376601965268	1060.1962151729967	
487	-3954.092305061699	-6229.259737424317	-7855.001004784171	
488	-1523.4277053325065	-2683.9996972935223	-2902.3953974991837	
489	-2577.0124430989263	-4468.1781519479155	-5555.309350021072	
490	264.1999903142299	354.53341277064357	-15.206185415627536	
491	-1977.9690412352966	-4347.390851716625	-5189.52686094247	
492	-2349.0652652772583	-2741.6807436081126	-3408.75669007121	
493	-721.2151904146563	-925.8199043818562	-1078.722347982814	
494	976.3602811467173	750.3212250570161	479.62923415904817	
495	-2302.4347991984214	-4445.641904609041	-5360.107452932054	
496	66.20859999661155	-521.08610451653	-463.61849840677996	
497	643.4721185623919	476.8737315837487	425.8603627158921	
498	-899.9991320870366	-1258.6922688035418	-1490.514866686306	
499	-5507.050710463458	-7054.680045822182	-8582.551271174229	
