InstanceID	EndpointPrediction	BestPrediction	TrueEndpoint	
0	-3693.8274128877097	348.1340035604559	471.3211124972259	
1	-611.1252066192844	977.0872145856097	-1552.3108315279514	
2	449.5527740311318	400.30627567721297	-541.3159020020274	
3	-588.6869994966327	-604.2438779457227	73.95866570627723	
4	-216.69976005199837	165.9816441130972	761.8751462749655	
5	-204.280363180216	510.56792189879576	-2369.7963473394566	
6	-348.30999608223686	-241.47270453314042	-855.52419028686	
7	-362.44587304541056	-427.8738618917932	-5758.675969478103	
8	-316.97032715036346	172.2276824698259	-20.76026602375141	
9	222.49480330043403	298.3062510306187	6224.71736628269	
10	-402.7664430758156	-398.8414784105422	-215.5970537592334	
11	-4028.1170462132372	-498.52987574722397	-2187.7890016363376	
12	913.530584919741	962.3705035959126	-656.8368091598119	
13	3056.943423242857	432.37495253335186	-1636.7134190619443	
14	692.2258759274348	648.3924054807428	5612.8516154148865	
15	-634.4625008752075	-833.5477112062742	3797.961992350618	
16	377.66712766145275	70.8435852955367	1391.8359547801676	
17	-2814.151624928009	476.87488800239043	1975.9564449850272	
18	358.38597608893645	410.10188644831794	-1972.4253277630355	
19	777.4963054374118	505.03664786744235	-2582.307483347831	
20	-1199.7475201781378	-253.56617746015522	-1216.218464903177	
21	-702.3945550085625	-403.5824042707208	-1316.4031269194325	
22	-1011.609756708334	-373.5481369424679	-5825.624218733948	
23	633.56850209482	99.32278948500333	3513.5498564039312	
24	2.393153558402634	-160.93427077140515	2496.831103071803	
25	-160.22538009569067	112.36609580437455	-4959.110023781316	
26	2420.4566457962037	289.05050292347875	-1399.7367874276486	
27	-271.7282123966284	234.8956970309007	4146.081218156099	
28	-219.97957142784443	-22.47650530583803	-3231.3097115634428	
29	4668.015507905999	-233.90926507254693	349.0604809270271	
30	426.49574451749805	-56.24277687656593	6660.881362325532	
31	-12207.23259489056	1927.2935952675793	193.57561973028308	
32	-212.4223476488981	-180.51152676077058	-952.0463719375688	
33	-380.73776469521107	-343.2603243081898	-6334.939707840426	
34	-83.5609923838555	-72.40456334133995	5773.063702047331	
35	930.336575430224	-192.97315145473578	5529.110344351174	
36	-211.07531316565326	80.56622642926806	-1651.6995106666977	
37	1753.3684152529654	522.2233857408924	-1918.9683882164218	
38	499.38073372760624	38.66916803880417	3826.128997053662	
39	1106.070088205522	562.6860765857488	-3238.1557505791043	
40	310.82966284937754	142.2650900440521	-194.69196506299733	
41	-113.50782681734597	865.292553235745	161.92785953180896	
42	1058.2853999716915	-256.54836430890145	-4948.309245797444	
43	-810.10812750792	606.3544291846283	-103.50624643171093	
44	-2011.7331940516535	-921.8485316315051	2609.166864255059	
45	548.8097334691835	-622.925277030264	524.8493682978445	
46	3587.7756614344867	-118.43052292599359	2268.2180381659614	
47	83.26023077787836	278.07439246285276	-6196.054944615511	
48	-3231.9509181097237	-558.0344328780498	-3646.815937318578	
49	163.7567320572951	212.0411131802824	-1236.0727279327998	
50	-2018.1571685160893	-875.0284413441816	-5571.349111552366	
51	394.59325993762593	-93.20455678998277	2627.806915738864	
52	-473.5747486406182	102.81415393409185	-1390.3962399374338	
53	-272.8496344602466	-196.91624215700833	2577.5901077173835	
54	256.857605418094	-1341.62025193181	878.0216582446337	
55	-284.20000731711326	-242.35678595624643	-1957.896656891691	
56	-1207.3178868661992	-625.3487027781463	3361.653471756866	
57	-256.3105768598925	423.5024839224642	402.9759864437212	
58	-314.7255816600134	-419.0433523748169	1373.2272963044304	
59	242.7988007768125	-124.10254133515977	1160.611510092732	
60	247.19554274390012	407.88120081605666	3600.645779635022	
61	-5039.833212388998	-1048.9345167603483	-3779.616325895138	
62	1065.4373741943527	54.399489336101226	-781.7401198808185	
63	440.01732784347024	545.3616100809945	-975.209645219477	
64	-3870.330685794649	-1017.9135352066739	8228.110495485416	
65	-2923.074759842056	-581.867621191578	-63.811218740411576	
66	1506.917245972012	639.8673638353955	-2081.563731505369	
67	402.5303581218282	384.4781558336139	4077.514286437612	
68	-156.0134916617347	457.42630718814	2928.700702232583	
69	-45.43392170493637	-179.48038353583343	-3592.562790562638	
70	912.3965462356939	-79.50908653561032	5460.165339564261	
71	2756.6573952185067	-831.9883047297135	-5688.60314914987	
72	269.5043105440461	187.97801019138893	3137.3714086526747	
73	-445.91031263655435	-283.7958492421658	-46.615716849574234	
74	609.1265254347034	893.8804873889106	-4494.830516168014	
75	69.28849631481798	594.0563732990809	-993.4198728836751	
76	678.8373859063314	561.14845428438	1857.0505214684272	
77	138.6078396123705	632.6196054061251	-390.60022930681447	
78	-752.7968974620625	-624.7191394129642	-3504.732084811022	
79	-78.22267689786496	-140.89954324912304	-8240.717910611773	
80	766.1564678182621	-346.92778516038896	-1387.5266702245658	
81	771.9948189513609	35.68595676893224	2031.8315334372353	
82	-62.26548167600451	-38.8718385286417	-1876.6069609818535	
83	1350.443861964581	599.8459018107117	-2750.358016915234	
84	382.70340418734355	503.7224917763198	240.47638568144646	
85	84.32540507821676	84.7759267290841	1580.1445541782743	
86	667.4342014987933	453.92717793244077	458.50431284680405	
87	-76.22601961994418	-399.77385984958244	-2713.352415670403	
88	100.95218073968194	-39.028518552819506	-525.9481685334557	
89	-1269.1386230898272	-535.4890784132069	1176.8140842871906	
90	-1638.548554088076	-858.4271710737269	-2311.758458728787	
91	181.3480085699537	143.79603435654644	6054.7271821020795	
92	-164.28729154054642	-101.18168183422412	-2131.8826809379398	
93	234.84381138755333	-6.984604738944385	-3536.2151823418617	
94	-3073.1286356444457	-345.2299141439877	1104.5408278878535	
95	823.8049018117019	255.86646031789968	530.1609666644854	
96	-188.86448690731734	-340.6736551296314	-8859.43251799074	
97	379.25279182996525	157.36512112409991	312.281542996249	
98	42.12799948129667	-543.476707983518	1952.843359166131	
99	135.4438968766947	-326.8096935404619	162.14431461658123	
100	307.7007109009442	195.21549070011963	-1778.6258010647027	
101	1194.893073266283	173.96063983417412	-2425.655098013135	
102	667.8689549807835	442.08771774014156	4109.782749482622	
103	-503.06532489550654	263.71811067761683	-265.9405473892206	
104	-380.4878809017194	-333.59811010689907	-819.7968492862894	
105	-281.4023442978399	-285.6082698388928	-2296.067920569627	
106	-730.3732530136738	-555.6957334578062	-5293.091511365545	
107	-1982.8639680005383	354.0011039676478	-933.7080732655031	
108	478.89487046509475	-342.393537521138	3600.0017192068244	
109	2157.567283969348	919.5698840604387	3733.9730637401008	
110	185.10589227652554	671.8159229689286	7854.230054390419	
111	784.828629010451	508.6103097691105	7213.75783460946	
112	205.20621451246808	160.3189559836366	-150.17353645840382	
113	486.88759236120995	13.297103043166487	-8455.583311533846	
114	741.8222757734819	-221.34761048975187	-1759.7823462931776	
115	-2385.68716228497	-511.0404856220311	1049.6023396573476	
116	576.9553281050348	277.41421497537345	1367.2015938774682	
117	-282.3018916677927	-519.8824307317022	-2407.653747870407	
118	-82.623964581987	-255.20196189600054	-6026.957269398758	
119	1324.5912105851748	47.1592408284732	-1500.7401787067981	
120	363.2676750468	499.82852437090844	428.32444657620175	
121	2458.3297908874943	-431.2295041132274	4022.462791416092	
122	-2325.03830030471	3107.839839642326	8579.644136811536	
123	-361.43999661131767	-447.3344871155909	1078.930526329739	
124	1018.6625629760531	268.68083122346826	172.10933844741663	
125	-543.1506475635589	-682.1441901249794	-1104.0887143915613	
126	971.8744117655516	766.3184073177448	6812.669611297386	
127	979.5188592364992	-452.4984082824182	1499.3309199519272	
128	1800.2785117670207	-36.47291281984289	-2430.461915389191	
129	-874.1899527290135	-826.0219329916506	-6507.206887228666	
130	3023.343817203079	-478.39846332984075	-1685.9768422817733	
131	2443.584540899464	638.0522875958258	1539.740486265051	
132	-503.4781485970561	-570.6699121528927	5706.52900324543	
133	-1128.7432120726442	-61.009329586848594	-1432.856250747232	
134	857.6589657919674	653.2781242281651	2307.6530901630917	
135	373.75295785631795	270.1708728507899	689.760763727179	
136	-516.6318546316134	51.16326722997714	2726.0390746523026	
137	-74.3717049138634	211.0707974026328	521.2044050443676	
138	-980.6081495980336	-1049.4216272861804	583.0499188473831	
139	2190.388899785035	424.06032575553456	-8090.756323268595	
140	2498.731427538279	-500.21407438158474	123.14685591474095	
141	996.4423731477733	-36.004964548235876	-363.05782238604024	
142	806.1118229151729	-899.3642094353281	5944.606035481608	
143	-231.16194292384375	-684.7848908582239	1733.7669571907722	
144	103.64535927642574	150.02293549808448	6562.214974798384	
145	686.0273322727502	-839.9638611832515	-3734.2440481903745	
146	3.4970770346600992	88.13511654744194	-1728.1102853407529	
147	-7.492879613189584	-229.9949300550284	3539.6499286550425	
148	-301.9556883364024	-561.9554636096052	931.3149203608816	
149	-1320.2617381882937	-878.1390074877779	-552.4007072260049	
150	2628.694288124267	-310.48661899274833	6992.832650639189	
151	-826.7502375276297	183.76566185857712	-238.5458381975807	
152	3594.651776493841	890.7243626888567	-1305.8497061180221	
153	129.06007793513888	-222.94961682872005	-2226.853355166873	
154	481.7607315124338	470.77091666375776	-970.4149648936105	
155	2260.4778604838016	560.0800290307532	1931.1381073631658	
156	-8856.202729064737	-1942.14253848525	2929.8689263794317	
157	1493.6235548058958	-104.96684022520236	2438.524346130373	
158	491.47502426094013	-623.9588945836624	-3157.6515329435424	
159	77.00001950644898	656.4466899859526	4394.41202894839	
160	-735.0336806059332	-155.36748496924514	1627.6979216290117	
161	1359.997712561948	-97.10697340700165	-160.1596926623566	
162	-182.0660016682588	540.1941583251182	-1315.358730820634	
163	-547.4234997453616	-335.24417438648925	-188.1780186108194	
164	2524.8561060862507	896.604587249172	2196.577430927941	
165	-866.253829099501	-221.35057785867423	1449.0135397751437	
166	-248.14916441572709	-27.247787991524262	-740.2572663850259	
167	1574.3631624115765	669.3770346554877	337.3802231493309	
168	-482.80171887958653	-86.80748988770563	2741.5085305505113	
169	-408.41789722867657	-437.18603730916686	-1710.1414017388156	
170	342.7866085551673	467.23645816596	721.7974312567073	
171	759.4088457675203	281.35536852946444	1044.8920859092536	
172	51.47160413992168	-44.452624333006554	-4048.0983282054253	
173	1347.3189064401288	80.86083516857036	-6806.847789281409	
174	784.701397344442	565.306227469824	-3702.960993059181	
175	-302.9094495179787	-489.417305640122	-663.9266274829357	
176	521.27130655766	-6.8541554749487545	-4066.550847679124	
177	569.335750856209	497.22980066177865	7149.378529355641	
178	356.23667841167446	-5.8175550218701915	1114.27407178412	
179	1690.2261206701082	9316.404292060806	3116.569505274654	
180	-743.6237797407026	-868.6670622457814	3249.032592393945	
181	3691.1881056235393	4838.249999607352	2266.0796946026785	
182	504.7102749725582	-305.86936386576565	-3278.3033430620917	
183	1116.960335223221	70.0314604658405	-1659.5476503439522	
184	149.99765983007416	-83.16010297979405	2416.644924818977	
185	65.92703760771165	-95.48604833589951	70.16109515922139	
186	213.3989021230309	-241.1788599417802	337.2755057896302	
187	-308.2280105751364	-580.7082644301761	-964.520758507885	
188	-5729.556534290902	652.5121933830201	589.1940010703784	
189	-267.69686443431806	1196.6140255854164	-1802.893661125854	
190	2758.585745293971	630.7669770672032	-246.50833658463037	
191	-6.083129162871203	-203.83238477334254	2859.161580618201	
192	-587.2581658535049	192.2811680508573	-3986.2331300128435	
193	-10.644094744744361	-10.755812420299975	1169.7234732553611	
194	505.8062940660466	199.4353552669949	-2856.313861622782	
195	2015.6444834371398	676.6911132182961	-3522.621824754389	
196	-1121.7385008329604	-350.7681766328509	1635.5166504728256	
197	-614.4529766264844	-316.97139784414657	-5496.699199201728	
198	161.029059939354	161.7929906711087	568.9316235086329	
199	-160.5656783888305	-4.034192753176228	1538.987357244861	
200	-416.42016515568827	-372.8230925895989	2387.7618094359327	
201	-454.2918436990844	-134.46352471218023	-1472.9265166020718	
202	3940.60936772756	159.02207928036023	4116.821464261023	
203	-186.18152519329954	-203.76777029269402	2407.3436935890254	
204	583.9982899341702	715.1161984453781	6419.38170711878	
205	-1174.3854721447863	-695.9665614396152	-3467.23594889319	
206	396.5475274256968	355.79140146966284	5736.911567214446	
207	330.48294647612596	768.6143585276111	-1069.679824169674	
208	11.100664658160344	-449.6496102797321	58.660949819043914	
209	971.4969472706927	572.5213992664751	45.59060562488342	
210	-843.9997495416864	-743.323383548689	-2366.1186438972327	
211	-263.6087815138158	250.68950252599814	8789.489706341514	
212	-20.477106593891943	419.5033243781487	-833.244703427908	
213	639.9128377863199	362.2653733351823	-3174.19471766395	
214	-349.8673729227913	-371.23033231931254	656.6582209381206	
215	-560.6225935980914	-618.3008188556112	7572.831796079434	
216	-281.0376604844006	-452.77015773772644	405.51563340077854	
217	709.4328591487948	311.243087924256	-2105.696406049064	
218	312.54732588351527	805.0784272247894	2364.007999676164	
219	-2210.1537338744974	521.9385370542325	-823.3257852513523	
220	-309.6082791384915	523.2851654326237	3357.3536569373405	
221	-255.40746511838825	-195.47493176166833	3554.7098065737073	
222	-1161.2743797542241	-315.1785769957116	1541.065532885168	
223	-143.35560597103068	-124.52752164946247	834.6285824318583	
224	2727.387456467731	-754.6170871634824	842.4425169022641	
225	1430.9277453936456	-234.98229380500516	1025.0668894666624	
226	-1368.4373543793406	-98.57777650417518	-6155.151239770167	
227	-3758.7010248886777	-1067.2350593730864	-43.53205684407365	
228	-1824.1875780537898	-453.6472831327336	4180.984151030169	
229	3996.851595927697	806.9621636265384	-1690.627888521785	
230	-759.3526119788602	-690.9063711076776	-7250.376084931476	
231	-357.3699061885335	185.5094206250467	2484.8644252838767	
232	209.2185741741242	239.27739471593736	8494.057645887377	
233	-283.0038449875509	204.49319573137706	-4228.323858930752	
234	1371.8749981474982	-202.35872444389403	-1734.1659472890253	
235	1003.6635204782573	409.72442074456296	614.2533465380558	
236	808.4736519279687	153.1177361289728	-2695.4981278171895	
237	366.95695775456767	80.78015311239164	1456.824584835902	
238	-1119.8752089576988	-998.5266522001649	-8209.444098709751	
239	1490.6830930612607	-350.615275168182	5556.054472072385	
240	150.61297256367908	-70.74696016378816	2306.0632252984738	
241	237.8430191064207	23.01814683719353	2960.2553331247814	
242	2204.5692298592708	410.6642183427546	3572.4142114068522	
243	253.9766930103691	-431.3483681563736	-1831.2283744444699	
244	2.873803317664968	110.29837173712656	-1840.4306938044474	
245	-583.3577379948582	-208.8354880882559	-1358.0999622223715	
246	-488.0348820382662	-820.7558092781615	-3856.595862740147	
247	732.2807951310789	-323.9412162474952	2430.1764536462356	
248	61.33498564089505	218.81513223627147	-10.640248533732896	
249	361.3897959078004	-301.4987898157409	-3630.8087359842493	
250	-316.16739478613823	-579.7417136643782	-3261.1172580854904	
251	-1538.9040367561586	-1655.2248570431682	-342.73249286054755	
252	-612.3418554534536	-538.369200161219	593.6173111467883	
253	-338.51237937246196	-542.2422487488977	-27.11120698952146	
254	-3109.89657550496	-380.89326831847666	-4502.923693885949	
255	1489.074103693107	322.31727546801955	-1495.799364076975	
256	-712.9939313191873	-278.66069703177664	9184.568706480553	
257	-1126.6073537801774	-567.2907187993528	2621.68017022274	
258	503.84117659793606	-653.0832215646212	7469.53863589944	
259	2361.0120892011073	-303.8001328286438	-598.1367416288354	
260	342.92282999907394	146.05540741443127	-4713.336049708533	
261	-102.98187485910856	-867.8132289883688	4644.658477572397	
262	459.16733473175606	577.4847217937588	-331.16825535977733	
263	1989.839011163001	-223.50879262532146	-354.4907133987039	
264	274.0471913541586	120.69247767013181	-417.41276026210693	
265	830.0432439452314	626.9402204036942	8053.943236924016	
266	-931.3044461856	-687.2546330599805	1708.383411758946	
267	4966.336507397974	-803.0583524760202	-108.05470316340693	
268	-320.1277094582094	395.5954777819999	6493.219756599148	
269	276.5847744903641	90.34773422913827	-9560.107962030144	
270	-312.75212815505864	-246.20242730365692	-4012.445884327814	
271	-96.37519621230686	-501.36593084535093	1112.653197297576	
272	-767.707988591259	-777.8418212112557	-2391.252985230794	
273	-558.1679475529949	152.67695393150075	4200.153154977115	
274	-821.3946780081483	34.34701774367031	3521.374864174653	
275	-932.9952459314229	-891.4693697536745	-1003.7328036553995	
276	506.4682725614757	241.9611353747215	-1069.4586128505675	
277	50.05376857895053	178.7727622234798	-4652.40455279588	
278	118.70363440649562	563.2267847782771	42.790521833944496	
279	-277.2043747360486	-204.22187678455617	4247.533442650982	
280	-51.7766527362752	663.5868221422761	584.7541961032749	
281	-969.281586382708	-694.684156788953	-1593.8620892182828	
282	1698.9156264854316	829.7440092090417	-1582.4644765231717	
283	1836.7470909341962	-703.2391649510897	-931.055699394198	
284	-382.77232021936425	-479.2986351761582	-6115.396231919363	
285	-647.4039186896758	245.55638221481442	-9322.540253528025	
286	815.0271157175927	692.0574584473834	3869.996515819491	
287	-439.98336266100836	-18.85554622007089	1627.7408193512579	
288	-281.25208521646135	-418.87792927718414	-357.6722922457739	
289	1414.5388637975511	186.09809543311644	-2671.35790779302	
290	-174.6230585760558	-178.62004504324074	-4425.762360847757	
291	434.74239226366814	366.72940138453276	-989.7310359185203	
292	-1171.67708597308	-58.209527672549996	2488.9115010479486	
293	-498.58042629306436	-359.93901939701374	4304.747737140842	
294	-181.27249975900008	-473.94330890243896	-2874.3892011695007	
295	917.8833245469738	479.8594590242438	17.92971556557376	
296	-697.2786996588809	-663.3351463113327	-5819.644431940379	
297	215.33733130995023	-687.9850112925958	-205.837033921294	
298	-923.6602582658287	598.5391615875187	2737.318792116171	
299	280.8183366990633	-255.32076923802447	-5604.175419221295	
300	52.99371980268131	-714.3247047929049	-1123.752538422103	
301	993.9767699431367	1167.2219014716732	5458.30947029627	
302	1061.3617457575417	-861.3147540052917	1265.1589893476794	
303	238.88386265054487	-48.97966626957969	1717.7109662241028	
304	206.04812369220284	390.10314830442604	4892.841616851131	
305	-68.85608120506042	-193.6346319148874	-606.8276806767809	
306	-486.0450698518809	-342.5115082564346	-1434.970262869637	
307	165.28048837527385	27.378991422134014	-2660.4606172869985	
308	52.72757164745326	157.14488148608427	76.26456166101045	
309	-6154.8383534878085	-140.4391380339614	4274.164797871225	
310	-88.49358174839915	559.7814066517824	5104.554916492549	
311	-1342.0867451301115	-555.7178631903324	-1232.9113207262271	
312	-1271.5626365825983	-907.9288925405608	2425.286473571789	
313	218.6823272605035	255.64949831412383	-6372.770241395052	
314	349.6682052229349	260.92732512094955	3125.1376492305826	
315	-430.81453607682135	94.60266284822131	-6084.436210046248	
316	-4252.397402929282	139.00367671181792	-649.3821243583009	
317	960.5536813842205	468.93504382002163	-183.1390375954624	
318	2587.936907356785	526.8221452546647	5062.285376607966	
319	276.4609461190061	345.73858348684377	7100.124334392211	
320	-464.28714381742947	-415.32260915508107	3365.9323249269464	
321	681.3653710381046	887.2811283555831	-608.0535405146402	
322	20.573289251853936	71.6448059946901	-2559.9832993440787	
323	-214.90115017898688	18.395986150813094	-1826.916103441834	
324	-591.730666012542	-395.47845663930593	92.44483606022688	
325	375.08156617688735	-44.36006989459901	-4566.617064536129	
326	-25.587742235851152	115.48991757528768	-1511.2971620565154	
327	-275.04423345832134	-800.4257057110674	1366.5806795241272	
328	1539.3185117875298	528.3711275230679	130.51879632395534	
329	361.0737596267938	617.8994874336506	-2375.191713293367	
330	1100.3912583771037	948.4209004847328	-210.36718174053172	
331	-82.63353880439364	-98.17683105952293	1775.7317629319393	
332	210.27761514357928	323.3234987391798	-1022.171409294663	
333	-518.5878663125669	-504.13865449192804	-72.4059413326667	
334	226.92381841043647	242.88269933798003	241.23839935318085	
335	-18.62975325628727	243.06935654738552	-7522.454011424312	
336	-1605.141656032075	-442.0953954031985	5566.883029308855	
337	-637.4649570012126	-568.3199512823497	-6705.354298963515	
338	484.9915453957232	-21.178549998813736	3124.014102167046	
339	1144.0020777875839	818.277682985387	302.2614323558834	
340	1167.2761776483958	-811.7660707500212	3332.5217943356347	
341	3256.956132564312	-657.966965485981	-2742.468524086318	
342	-2224.121209161803	68.4576494729003	-528.7893856584748	
343	-218.13913958739084	-162.84575856103692	1520.3723903627733	
344	294.2009280070539	314.86052403011644	-2907.8539370303315	
345	1124.7337814736036	351.7754318525274	-262.34554886086795	
346	-554.1760927260324	-961.3812893180598	-250.99570475147556	
347	-1518.4298212276437	150.85947663589255	1097.9955211235144	
348	-1605.6081405094803	-562.9919360819686	-2374.102675379413	
349	-144.26336840759714	-380.3676998149719	2326.985121731909	
350	470.7812688896772	122.70608668240021	-5282.360247248428	
351	229.41852549670696	306.5951310216294	5535.828331389237	
352	715.9892398180142	1137.3204613240973	-73.78387528209925	
353	-444.8108663981707	-710.7797402313017	-5257.321236266878	
354	873.7973771099562	488.61318578353826	3068.9870165762773	
355	348.28555180408006	299.6715805846654	510.09199218115174	
356	492.3923387473617	345.4438514716935	-7913.524390914687	
357	-985.313086484039	-688.0630472845055	-5510.597068559202	
358	-1578.135155806973	-631.2944254739077	-708.1475320509937	
359	-550.4118643764467	-365.0676264762192	-606.2334193722188	
360	-220.55311644371474	-147.40465494233322	3241.5472597399357	
361	-1251.4437680267422	803.0129637492669	256.66166387492706	
362	681.3157730970619	-500.03391620709147	-4176.554737306906	
363	-77.40920299232414	-101.8745758939158	-3060.799684598458	
364	345.63263771481604	-105.72232938409633	-3319.0410920796294	
365	3393.567256187073	-272.0133190716745	2710.1459563446815	
366	411.9788519542096	602.6814018322257	573.2632529482889	
367	-513.1823807543117	-149.58178858268292	334.92496823470736	
368	-2017.5418647432866	161.77597749444425	4048.223489771444	
369	-84.87222590244286	-774.1785681759347	1536.809048621347	
370	655.2259856193264	200.68647463135198	9148.297828282757	
371	-2263.8951570810436	263.46992372180796	919.1189011925766	
372	-136.1780168875858	203.38241941994198	-6996.2007495778835	
373	991.9405749075311	566.6475850486315	7787.920138780723	
374	-203.24825329278212	-264.1304458389997	2731.454170441717	
375	1144.5699299564164	374.82881836292063	-3611.2957366334213	
376	-90.83473460980436	154.5674336472892	-2732.947260456886	
377	-365.5691378018215	-107.19981853271807	3098.7570072044887	
378	-1156.0936615860069	370.8957170540657	717.1048582843603	
379	-264.367895124712	98.02346078223917	-1040.3071631940595	
380	639.7135741037363	367.4401736026073	3194.160855360251	
381	-747.6449902469899	-405.9668098649947	1865.6675241841267	
382	2387.4014361350964	885.4909517709602	920.8854819587781	
383	-998.7679934699166	-272.24822494128006	-2645.661425052501	
384	-2260.1207672163173	-693.1718385229701	-1873.5173975514374	
385	1620.5834094264303	36.49612117061827	1025.5546602140844	
386	818.3435505257776	453.1907312642683	261.426844846889	
387	-3467.869086455433	271.99870511477184	-601.2678831198984	
388	-1823.1152665469174	-796.4867123014485	-5331.971092357477	
389	-273.722610194787	-275.7315117668857	-710.5893253753243	
390	1194.858875470461	39.071939217811746	3134.1632408475502	
391	-50.22165622318524	578.4653535078523	7946.756098248455	
392	-380.6722912493608	-52.203409951033194	2337.1643722647864	
393	-1406.1305690726444	-468.46857771377694	-2744.9034804118855	
394	53.60174800194059	-235.0598863715881	-3848.3990774852887	
395	3150.4566123910763	126.33918646638635	-2880.0348488236345	
396	-1037.7381255449834	-150.53963740083213	4410.476078491003	
397	308.3992236944784	157.04031621876928	-17.950590525831714	
398	-251.7918093247168	-698.4585345450018	2790.227534711898	
399	653.5169719722459	-89.82907862570397	2588.4731173505193	
400	-396.4334003981574	-300.3629397178594	409.94654781523735	
401	-832.8240150955022	-783.5668823271009	-4684.605229829098	
402	1012.2995479585477	-413.5234997119395	4134.606187963932	
403	827.5383718675218	-549.7082322220703	-1298.7587503790944	
404	-118.47725876810028	-88.28623825004098	-749.4164232026606	
405	-342.83508243593076	-566.3696698292283	-2538.619598200197	
406	143.49658534563017	310.6703959247414	596.2003837418207	
407	-131.1746187276695	-63.32031987779379	900.2787204040081	
408	191.55919199793436	203.13547774318891	6951.704988525391	
409	-387.4347995509386	-543.1229768448635	1291.5990319918392	
410	208.208565014169	65.13519828791192	-286.1543626369133	
411	-1105.0685164232752	-63.2894225624611	-4834.740187333719	
412	1919.2454495492746	851.3595492300406	-3162.4686540619186	
413	2020.7148793971462	-185.6292978122159	2912.0177639361264	
414	2054.2620759880174	973.8166459546903	60.51376186503715	
415	-423.5033349923708	-150.31856676448598	-413.3870728908747	
416	519.1791086135428	445.64053999679754	-1271.4840733272997	
417	5961.355949169346	-509.7137218458063	-7154.686978682918	
418	682.5291936256201	-122.66293575800182	1513.3853642359807	
419	-578.9689254164329	-483.2845182399488	-663.74741639195	
420	1719.4314313208401	21.138243646680053	-4002.092419507165	
421	-37.3968372185138	-448.72158227080405	1784.4227251302325	
422	-2472.4597882695325	-2663.8230021377913	2327.101490071983	
423	-302.2057601525557	-253.467317904281	-1010.7307215101628	
424	441.4092522423251	-373.7892669541998	2630.1453799076776	
425	143.81836681828096	148.148260935917	-4746.766285873266	
426	-286.0184018820288	160.1197311116269	-6914.919355748875	
427	-95.4214119681272	-560.7784807257699	8032.655924139769	
428	-80.12070022575242	193.77477568992808	-2562.7512320118244	
429	-334.25124329226765	-379.7027934898776	-3439.5877558016286	
430	137.00628604391466	-93.86765567631289	-364.62158357425886	
431	-1084.2740344593806	-257.6214290266757	3390.5025884813085	
432	-85.98177714874888	-287.11785431918173	5123.634986105285	
433	4832.591957940831	1097.0767440477775	-2604.182756921841	
434	1085.0728135380639	372.6637294260131	3334.8092400558085	
435	1387.8262152103848	809.378731017393	-1391.2999471628546	
436	939.0404992871516	926.7629092350851	-458.0014946317209	
437	21.968488657549308	-410.8374265789562	-4333.858319690574	
438	367.38042170686305	153.23150942866366	-3944.3415795984047	
439	-592.327973287204	-754.4089692617512	-5772.901727672429	
440	759.7077056372449	-402.7118962150772	-940.9200697750069	
441	-791.3522043683207	-884.9514953410373	-697.9019343099565	
442	1518.981786682899	-341.25102795155595	-454.16511770308165	
443	-2437.851758049401	661.8475849157301	-7705.5094165496475	
444	-622.8543121508023	-448.54154234716316	7114.315734275465	
445	-1257.5566701280998	-726.966001511252	-1646.6041596588123	
446	-47.556512810965245	-460.2526702514525	-778.0833695487114	
447	112.52406618752423	135.30924503349954	-1006.792605040288	
448	-613.1957729031203	-420.8835734118394	7.526458281870519	
449	-84.88506674817455	43.03587089166282	2327.8760119689205	
450	-57.88125565297441	-204.38459046909728	-1052.15650150813	
451	-3380.663565145484	-679.9813636080647	-2249.8960347861453	
452	384.0900797746574	322.6687510412734	3877.745354423498	
453	-1303.17081735837	546.2091089562468	1679.5434672458705	
454	10509.567674184273	3239.3612520696643	-724.9944557769775	
455	2552.570832361046	-56.40850575305785	-166.32949628875747	
456	-716.8674680431217	-840.6183069594724	-817.4553093469243	
457	798.2947563463276	11.79210296242752	3195.702341620416	
458	1609.6612343744318	-988.4447572749166	-1976.9218860934382	
459	-767.3107753209897	-615.4789531220256	4758.50384574542	
460	126.67530801084592	-946.296205009284	-4947.758118116465	
461	-662.9919496531915	-793.8541741058998	609.0327161305396	
462	63.04942373918324	-20.029429679022144	6687.482161323384	
463	-1604.7382881368262	-277.9112034517907	2411.8149359783984	
464	3320.333191467822	224.6771426006066	-831.2615705782266	
465	-1330.5966963087142	191.44272569389335	-2495.579385977137	
466	-1503.5622902210957	-1598.411964316606	-1549.672787730132	
467	5422.080977050582	2538.2971221929256	-306.3970749569463	
468	829.7726060582921	-134.15819746984565	5833.317721802306	
469	-1148.7913752399752	-1153.8776337705365	1171.500445115335	
470	24.58597954015728	236.1099362878271	1012.2387092485048	
471	-487.69776078314584	-189.66480136305512	2259.6497741043677	
472	-517.4535657339554	-398.15491892415736	84.85107478093076	
473	356.3092695706923	505.96395777261887	-5188.211080714684	
474	676.8408835908986	605.0583846253342	563.5353007901474	
475	324.46012634831357	-691.6227306736464	-7314.2297018338895	
476	-350.57983915283245	408.3600687614589	-277.1066884085648	
477	-1158.055503022939	-9.688421862249982	2949.4912808147697	
478	633.7869952795259	530.017364443631	2184.4502012948037	
479	-201.56797631576893	-436.47456017912657	5552.6927495129285	
480	375.14581024457203	467.968674018588	1635.6670593255221	
481	-1106.5390185533624	-640.8165426070785	-66.76240506912389	
482	666.3559155293635	-169.51086795458866	1893.0258894119625	
483	-4256.930890444875	-510.8015623452972	2396.9187564418253	
484	-1848.848450469795	-322.2154273351057	1861.343787120802	
485	-2089.33583217785	-714.492523943529	-1000.8714499564996	
486	141.55641832702884	648.7022126783163	1729.5907764317076	
487	-1722.1529534798838	444.00165849527065	-697.0590073396265	
488	-1342.7661912659394	-782.4670852174056	3800.9161092088766	
489	-666.0436211637196	-993.8774525640513	-2436.2042626870943	
490	-572.354759166141	-796.6484693091647	1108.8815878432495	
491	233.16732493590473	343.5969476385222	538.6407062108036	
492	-405.01835615953405	101.98490340787032	-5518.330340089719	
493	246.8700424189965	262.811512989112	-8626.522928178743	
494	1723.2465403210927	167.3211487703209	-559.3287839813195	
495	-57.69224257699281	-113.64734892955016	120.04413448301052	
496	309.87920194948754	324.6970765746636	242.69374572555543	
497	984.390144578859	139.21693221141788	3501.1668739211323	
498	-560.262220806581	-23.99121669367696	334.6177807759115	
499	-822.7830009706872	-452.4347447530158	-2304.574005995537	
