InstanceID	EndpointPrediction	BestPrediction	TrueEndpoint	
0	-65537.86613484475	394.6695642723876	394.6695642723876	
1	-568698.7687133842	-3506.860000079822	-3506.860000079822	
2	-832443.0845320432	2888.294806560325	2888.294806560325	
3	-26819.912968983823	718.4592841152426	718.4592841152426	
4	1066240.2059003087	4590.081829078899	4590.081829078899	
5	279690.6341845416	-1645.1553749912323	-1645.1553749912323	
6	-1279690.625714336	5738.487387976129	5738.487387976129	
7	438059.15406726743	-6068.56689816164	-6068.56689816164	
8	-10434.184974470112	-18.863099096377216	-18.863099096377216	
9	2906046.50348993	-2300.8523875242536	-2300.8523875242536	
10	2828724.571680005	2009.4608288679867	2009.4608288679867	
11	-5793.515350504262	42.655607379752425	42.655607379752425	
12	610661.4305821349	-928.4326416459733	-928.4326416459733	
13	6988.386473553488	-89.00884257577427	-89.00884257577427	
14	2463529.0740343938	-2461.396549322105	-2461.396549322105	
15	8749386.13078287	2589.038082138221	2589.038082138221	
16	-5733728.134512474	4243.935254152535	4243.935254152535	
17	-3214829.654947304	-2918.098554642112	-2918.098554642112	
18	-121977.75189240827	1065.9442475305602	1065.9442475305602	
19	-4883203.316687076	1880.8233297573086	1880.8233297573086	
20	-2996007.2988769617	-1679.2085262745345	-1679.2085262745345	
21	1180955.5150511567	-273.33968966724666	-273.33968966724666	
22	1931820.4194323965	-597.5836232663962	-597.5836232663962	
23	9957.034569274107	-241.1436001284342	-241.1436001284342	
24	-1568710.296064045	-6407.33458889942	-6407.33458889942	
25	4672751.409378012	997.642465629199	997.642465629199	
26	3713458.1848899196	-1202.6244905944973	-1202.6244905944973	
27	179200.46341427192	-688.0710099405999	-688.0710099405999	
28	-2356024.756879116	3806.4524726168293	3806.4524726168293	
29	-292426.15492911375	1958.0093423830076	1958.0093423830076	
30	6911280.914895374	-3650.2572923683247	-3650.2572923683247	
31	-823695.3671882902	6002.487066776428	6002.487066776428	
32	2837.515419541828	219.4137495047377	219.4137495047377	
33	-355947.8832601065	-1198.0247541756146	-1198.0247541756146	
34	17109.57000859511	134.759326175451	134.759326175451	
35	43371.33174575954	557.7727773518352	557.7727773518352	
36	115812.31770809034	-1072.4929309848785	-1072.4929309848785	
37	-2425156.506491999	-2022.47335850134	-2022.47335850134	
38	-263497.1842521872	978.9639321114865	978.9639321114865	
39	8973317.497024462	-4470.044149038933	-4470.044149038933	
40	-1059854.605434406	337.17547476751844	337.17547476751844	
41	24216.606487752655	168.9915342583149	168.9915342583149	
42	2439093.1391767105	-2744.942967399643	-2744.942967399643	
43	2140160.5977365007	3026.5430436177458	3026.5430436177458	
44	-12561580.72557815	-5029.425597883132	-5029.425597883132	
45	28784.934905475417	-18.169693725218906	-18.169693725218906	
46	-7586690.316665531	-4227.3917001235495	-4227.3917001235495	
47	55342.08411828547	-54.80440948803736	-54.80440948803736	
48	-479682.5260951655	-653.4404932101911	-653.4404932101911	
49	-1245573.918098906	1764.1789152822798	1764.1789152822798	
50	-937752.6864244032	1173.448446653456	1173.448446653456	
51	310025.14484726917	548.1342378903925	548.1342378903925	
52	6670726.7062058365	7132.751992918416	7132.751992918416	
53	141877.80435151796	-208.32398117088894	-208.32398117088894	
54	-3449.4636737203814	-191.18884512741877	-191.18884512741877	
55	206730.2805645255	-626.085127671647	-626.085127671647	
56	-17460.072008527004	-1167.8828833474129	-1167.8828833474129	
57	-357632.21008874325	-1902.265722553559	-1902.265722553559	
58	-34770.301336219454	482.65709323308164	482.65709323308164	
59	1677.4223976238784	-405.39676068834183	-405.39676068834183	
60	-7275320.533168029	-4466.8076577143565	-4466.8076577143565	
61	11729.810182162331	-834.9467747768705	-834.9467747768705	
62	71883.8727416294	-911.8520723816562	-911.8520723816562	
63	555380.8301900654	-713.647930411785	-713.647930411785	
64	4559506.295748058	959.7203849057848	959.7203849057848	
65	878606.207836883	3713.5930696779947	3713.5930696779947	
66	-7000083.502415214	-2340.567179525625	-2340.567179525625	
67	-4521306.581291809	5128.257401556712	5128.257401556712	
68	-3061873.929987945	2185.8110048722506	2185.8110048722506	
69	1374206.433674831	-1912.111144566495	-1912.111144566495	
70	-35362.45803262794	-2013.1145447085203	-2013.1145447085203	
71	3656832.243283188	-1545.405496204873	-1545.405496204873	
72	-6910220.820944777	4851.388202660442	4851.388202660442	
73	-1129393.440794178	-1564.4747200101033	-1564.4747200101033	
74	2006235.5701110768	-6225.652282374555	-6225.652282374555	
75	1954309.2767493832	-1435.0018638654813	-1435.0018638654813	
76	-7654.562792157885	-1086.430842056786	-1086.430842056786	
77	3859505.6741828355	1531.8732433169075	1531.8732433169075	
78	120254.54090876003	-222.3580899669523	-222.3580899669523	
79	699724.250344372	4809.28730813261	4809.28730813261	
80	-7407837.698750863	-4936.105944358318	-4936.105944358318	
81	-2497486.5851201955	-4046.7164797843493	-4046.7164797843493	
82	-1065975.9792283622	-997.0500441244136	-997.0500441244136	
83	-3024509.309066852	3396.480510385326	3396.480510385326	
84	791874.3346680562	-4495.711816187197	-4495.711816187197	
85	-245753.32081169583	210.64486648860495	210.64486648860495	
86	-12469062.089792244	3359.4761526836533	3359.4761526836533	
87	-3029366.8670736603	2385.235917972964	2385.235917972964	
88	164956.43277746526	819.3657323750431	819.3657323750431	
89	-1384660.9477857978	1320.506495398122	1320.506495398122	
90	-17883870.661668107	-7561.09081054491	-7561.09081054491	
91	930487.0517705994	-2684.8902866563244	-2684.8902866563244	
92	238079.29845166317	1117.4691797039914	1117.4691797039914	
93	-1182309.858562513	-5631.856336005419	-5631.856336005419	
94	9186466.158687005	3951.1878876387127	3951.1878876387127	
95	-2986926.862114388	-5106.6237462496865	-5106.6237462496865	
96	-715637.1084079542	2531.8543496367406	2531.8543496367406	
97	-4304142.492336836	9714.127014957048	9714.127014957048	
98	-160170.96170855415	49.13384959711069	49.13384959711069	
99	-7206514.535035365	4183.389210898196	4183.389210898196	
100	36566.87914340507	1465.7154272340629	1465.7154272340629	
101	-409354.6591827977	4526.508744152095	4526.508744152095	
102	-4157.258137076249	7.616539266375575	7.616539266375575	
103	16270198.74204944	-7131.239941877339	-7131.239941877339	
104	-21420954.668796413	-6915.991822846738	-6915.991822846738	
105	-1741470.1584318457	-2161.153688851507	-2161.153688851507	
106	676095.4754024849	-4601.242155738181	-4601.242155738181	
107	-98739.7417848248	-3945.833318163085	-3945.833318163085	
108	-11778.295109821085	962.0893202554447	962.0893202554447	
109	254720.97732567225	1340.8749567741077	1340.8749567741077	
110	809845.8633909925	5539.343890785878	5539.343890785878	
111	134007.74717933667	-1124.344468912708	-1124.344468912708	
112	-438186.87317247014	342.5682730748729	342.5682730748729	
113	-38590.6981526215	-2495.1529246528485	-2495.1529246528485	
114	6183652.298909738	-1851.58079366957	-1851.58079366957	
115	122470.6604167668	57.91230507598265	57.91230507598265	
116	-17642.3212573529	-69.62212302531674	-69.62212302531674	
117	-59607.76644335713	626.0862645851143	626.0862645851143	
118	-4567081.341487123	3803.4415444321266	3803.4415444321266	
119	1540244.6499692344	-4935.926637530022	-4935.926637530022	
120	617141.159542291	-719.6359770217205	-719.6359770217205	
121	-2997196.3827871233	2036.0853266744002	2036.0853266744002	
122	-116683.22350142343	666.714165648299	666.714165648299	
123	-19306.495869240374	-1296.7132420801872	-1296.7132420801872	
124	3232.447396366818	-355.9604008059797	-355.9604008059797	
125	490480.25159525196	1109.940381373353	1109.940381373353	
126	2322.04247766244	-105.11993537682997	-105.11993537682997	
127	304165.8022568715	-2457.0162120547643	-2457.0162120547643	
128	6606997.157703809	4509.327567303673	4509.327567303673	
129	5719.911903666926	-122.96285526440563	-122.96285526440563	
130	-2228043.7959483587	3057.441912376046	3057.441912376046	
131	3573179.4353603045	-3427.2514908675685	-3427.2514908675685	
132	219410.19093265844	6997.669180284361	6997.669180284361	
133	335905.49962488253	-1886.5813351767079	-1886.5813351767079	
134	1955337.3842436646	941.2943521828465	941.2943521828465	
135	125183.86934778764	2211.2870413272967	2211.2870413272967	
136	-575718.2217706244	-4220.351119609943	-4220.351119609943	
137	1311188.179704399	-2281.788481553171	-2281.788481553171	
138	-10363705.04733136	4584.998258565787	4584.998258565787	
139	5583570.211959446	-5831.4219694791245	-5831.4219694791245	
140	32934.71402062457	-125.89208115154811	-125.89208115154811	
141	-21802.7463023519	-169.41232771762688	-169.41232771762688	
142	4140534.525501638	-4272.749565215046	-4272.749565215046	
143	100138.55808705749	607.7561848342951	607.7561848342951	
144	1013279.8853823257	-5348.132284985007	-5348.132284985007	
145	-249770.04095203942	-1269.3763618263952	-1269.3763618263952	
146	7106414.355753358	-2284.185948648654	-2284.185948648654	
147	-107939.33967347808	45.8012000425468	45.8012000425468	
148	-12918.664879305656	1144.4996684263776	1144.4996684263776	
149	129947.4609229918	1955.8092640075395	1955.8092640075395	
150	481557.09234596946	1489.7984587292372	1489.7984587292372	
151	211482.92035195595	-5781.228042173161	-5781.228042173161	
152	240554.02210958852	1524.6899249594392	1524.6899249594392	
153	38463.884971669686	114.16874185896648	114.16874185896648	
154	-2070351.3930462382	681.9231603548973	681.9231603548973	
155	-1917093.1423151435	-6084.381102827207	-6084.381102827207	
156	484638.12330832414	3288.207836737281	3288.207836737281	
157	5103.380499058099	56.126772836952526	56.126772836952526	
158	49200.39482950519	370.2373392126971	370.2373392126971	
159	-37029.40454614665	-1329.0172604491588	-1329.0172604491588	
160	104263.00399442474	-140.7036324766333	-140.7036324766333	
161	-3790734.6872374583	4952.176547378368	4952.176547378368	
162	438046.08843700174	-3284.0827551655193	-3284.0827551655193	
163	36356.04798484487	438.5122574804145	438.5122574804145	
164	-187155.1268422123	959.8625508539766	959.8625508539766	
165	9785836.483354898	6934.250668623795	6934.250668623795	
166	426679.5236656945	-4047.739801592969	-4047.739801592969	
167	-5444273.646745836	-5549.2724346555615	-5549.2724346555615	
168	-192063.29080413375	144.52446225725996	144.52446225725996	
169	141681.47905303258	-345.26744829927054	-345.26744829927054	
170	16.69605728135301	34.66945481700473	34.66945481700473	
171	540988.708491043	425.98098235395713	425.98098235395713	
172	12484.332102592922	620.9019008531858	620.9019008531858	
173	1064847.4103777716	-3113.8489929118264	-3113.8489929118264	
174	-116196.20558509247	2928.317857901417	2928.317857901417	
175	-1238161.0730284394	-965.2382729138548	-965.2382729138548	
176	-6443675.132884811	-4349.38239122564	-4349.38239122564	
177	-237688.74110806015	1095.9774469726344	1095.9774469726344	
178	-200885.44471102356	947.4210649594336	947.4210649594336	
179	-4550350.139289358	-1870.0337339813263	-1870.0337339813263	
180	-61369.57084656479	-1903.705896261667	-1903.705896261667	
181	-447037.4166714906	-3617.0609595738474	-3617.0609595738474	
182	246293.31772744044	858.8283348783555	858.8283348783555	
183	62127.575437064224	1453.046152345157	1453.046152345157	
184	7064426.483362718	3698.9926158761978	3698.9926158761978	
185	-4223115.340046231	4906.601410519891	4906.601410519891	
186	2988577.9609845765	1418.7426857831088	1418.7426857831088	
187	-2151622.512900616	-4123.059824219504	-4123.059824219504	
188	41942.22018755055	151.99990651324083	151.99990651324083	
189	-3299977.1154170237	-3065.5270636315204	-3065.5270636315204	
190	-6967499.987564094	-6944.822104970602	-6944.822104970602	
191	-9006502.829707019	3466.216253338927	3466.216253338927	
192	14140.212177449988	1205.842295095842	1205.842295095842	
193	-2176378.8735854775	1410.1553912861646	1410.1553912861646	
194	-2679939.700603598	-3416.146112931069	-3416.146112931069	
195	77374.40637241842	891.8608703365165	891.8608703365165	
196	-1838889.4164243706	3807.4424458787435	3807.4424458787435	
197	119527.34671836584	560.8314808449942	560.8314808449942	
198	876496.236492426	9217.87276618892	9217.87276618892	
199	-15183637.823260168	4918.680398481552	4918.680398481552	
200	708089.2234600947	-6327.290491334462	-6327.290491334462	
201	-2097005.2392901299	-5606.174226987221	-5606.174226987221	
202	-38943.10906785755	562.5611322272883	562.5611322272883	
203	8157.319213104795	4.516046393823094	4.516046393823094	
204	429479.4738190079	-1245.2164844978256	-1245.2164844978256	
205	-1501408.2891672594	-511.64592052110834	-511.64592052110834	
206	216238.026091672	2673.166162558731	2673.166162558731	
207	-53223.09483233819	758.7691133046307	758.7691133046307	
208	914396.0152205362	-5813.20884781868	-5813.20884781868	
209	857378.9601438805	7158.845582832515	7158.845582832515	
210	1081179.0121540562	4717.059322546656	4717.059322546656	
211	248740.298498885	-1696.5658660981433	-1696.5658660981433	
212	-48703.87546812632	231.32585978706805	231.32585978706805	
213	137924.66547107228	-2801.8364179854325	-2801.8364179854325	
214	2357535.6317845564	949.5609923188911	949.5609923188911	
215	438293.84385035903	-2967.564771387221	-2967.564771387221	
216	33734.88076269963	-228.57407963548428	-228.57407963548428	
217	664711.564920341	894.0830583014782	894.0830583014782	
218	849733.7547287919	2423.7470024691424	2423.7470024691424	
219	-4978853.903752748	-2594.8627178321494	-2594.8627178321494	
220	142676.16427253754	-557.5764482297773	-557.5764482297773	
221	-2013798.0938219575	-976.5053173015483	-976.5053173015483	
222	-3034579.735519321	4760.93232771085	4760.93232771085	
223	214334.52428320318	131.4764277890148	131.4764277890148	
224	-3194263.5683874968	-5897.8238302327045	-5897.8238302327045	
225	5018.609257400752	328.81560659946564	328.81560659946564	
226	-4129.5145138727885	-290.1166363280517	-290.1166363280517	
227	-247534.99939560576	693.8945536156534	693.8945536156534	
228	-2146743.3121026396	5300.173811836568	5300.173811836568	
229	1319672.1425114577	-2180.645237363391	-2180.645237363391	
230	-547706.0132855093	-3182.444868715887	-3182.444868715887	
231	-501873.6353814501	-945.8970532314326	-945.8970532314326	
232	82276.4967732616	-65.99775733839675	-65.99775733839675	
233	417616.86398989684	-1388.2814307859849	-1388.2814307859849	
234	-266557.8692506767	1630.5559183069452	1630.5559183069452	
235	3922265.1867718617	1814.5004722758167	1814.5004722758167	
236	3532162.2129452997	-1528.126922143709	-1528.126922143709	
237	13769753.53118269	-3494.1035627665683	-3494.1035627665683	
238	-9878.075660584933	-310.69981340753185	-310.69981340753185	
239	422816.7211024866	1164.6753094658832	1164.6753094658832	
240	-8437704.177230772	-4491.411954548012	-4491.411954548012	
241	-1606668.4216703014	-1766.912751137355	-1766.912751137355	
242	6870813.316827611	-3595.8295351948527	-3595.8295351948527	
243	-316306.5500123439	987.8993469761563	987.8993469761563	
244	-233157.39114990557	-1512.1117057156523	-1512.1117057156523	
245	1175087.4524775152	1316.6493999419813	1316.6493999419813	
246	7838727.956088766	3012.424869260463	3012.424869260463	
247	-12193891.76101381	4720.299350242465	4720.299350242465	
248	-203996.35056561677	3753.111245554426	3753.111245554426	
249	-881404.3205871498	1212.4253795382485	1212.4253795382485	
250	-266782.6947819559	1073.2547228821588	1073.2547228821588	
251	15184286.598984007	5309.353674583196	5309.353674583196	
252	703574.2588772776	-1233.8531768593475	-1233.8531768593475	
253	15414243.570728943	3932.6626156603756	3932.6626156603756	
254	-708849.9991067065	1322.04845816732	1322.04845816732	
255	-28487.743369250085	1942.248265160041	1942.248265160041	
256	-80066.9995881841	2329.427864211564	2329.427864211564	
257	1029012.805040651	-2435.0814399684446	-2435.0814399684446	
258	-5250743.740311836	1611.6558207974015	1611.6558207974015	
259	61415.91636141634	593.9220583176192	593.9220583176192	
260	-53235.30091590247	-1193.4266160231862	-1193.4266160231862	
261	1349330.8488094013	5863.256290761782	5863.256290761782	
262	-227574.7967939977	4312.860954615625	4312.860954615625	
263	-983912.2349634568	-1521.1306115710038	-1521.1306115710038	
264	97757.09331522643	387.60188924304225	387.60188924304225	
265	158854.86399555436	-366.65856264943403	-366.65856264943403	
266	-547085.0780081757	-6370.009136350257	-6370.009136350257	
267	-233419.6530095749	-2423.230336304092	-2423.230336304092	
268	-275643.5481819154	3261.8619216621832	3261.8619216621832	
269	28182.915311968634	-912.3079649346668	-912.3079649346668	
270	6082866.508257454	-7081.566015244602	-7081.566015244602	
271	422364.9033034781	-613.2631184120254	-613.2631184120254	
272	1256727.006005712	-2771.505281463111	-2771.505281463111	
273	-1597415.852789372	4499.582912232935	4499.582912232935	
274	-219048.28412283488	-139.63247505741924	-139.63247505741924	
275	-45583.16601409546	-141.8835063015061	-141.8835063015061	
276	-257089.10204234236	-3054.9553707501354	-3054.9553707501354	
277	5096150.562369132	-7125.750076386095	-7125.750076386095	
278	-1404412.6428546796	-619.9219829565478	-619.9219829565478	
279	-1345178.5844221872	-1214.3695663510023	-1214.3695663510023	
280	10591822.348673912	-3423.4666214665804	-3423.4666214665804	
281	267176.4426707802	-3771.2945213338403	-3771.2945213338403	
282	-13703830.357449949	4918.585224292241	4918.585224292241	
283	1607715.143050806	-693.6946157132836	-693.6946157132836	
284	-117576.73701303407	148.93770500242988	148.93770500242988	
285	1207724.2644998734	441.05762568958085	441.05762568958085	
286	124501.89689855716	4069.268974227654	4069.268974227654	
287	51.61536670797688	3747.7322819736696	3747.7322819736696	
288	-230001.01646774492	-490.12123870577113	-490.12123870577113	
289	638985.1451903946	-434.28225750813533	-434.28225750813533	
290	-929025.6275496669	4522.245633527936	4522.245633527936	
291	282543.2196721209	1200.32844412383	1200.32844412383	
292	-6970208.183598854	4610.539222788926	4610.539222788926	
293	19815.14483149957	-5.59725330111351	-5.59725330111351	
294	-1705261.398768587	1671.9950904220516	1671.9950904220516	
295	-2719.5683247563425	-551.8541157868772	-551.8541157868772	
296	-506786.5335543767	-4112.4088873638	-4112.4088873638	
297	-91758.95753467895	-814.0844687619106	-814.0844687619106	
298	9197084.827699117	-3180.236408529764	-3180.236408529764	
299	-4561754.406918931	-1794.2595092282322	-1794.2595092282322	
300	-32232.867705049623	455.64148319747443	455.64148319747443	
301	81489.31061072362	-1011.2686931773746	-1011.2686931773746	
302	-58016.199919231694	-380.658958621602	-380.658958621602	
303	2253414.2646901975	-4742.063319022104	-4742.063319022104	
304	2958.0263181155133	-2191.9029945775283	-2191.9029945775283	
305	-47811.58654434949	-5909.99147042073	-5909.99147042073	
306	-26024417.705276463	8772.05927155969	8772.05927155969	
307	-62772.64179773749	586.8682403306117	586.8682403306117	
308	7697327.550972862	3535.5349219552536	3535.5349219552536	
309	-62491.026516702506	2157.978682285302	2157.978682285302	
310	2275559.366124475	-5774.112438632761	-5774.112438632761	
311	-115515.04682824809	-664.6444666924842	-664.6444666924842	
312	172832.0085180383	-594.3105948872336	-594.3105948872336	
313	-30326.946374704654	-92.11911422238947	-92.11911422238947	
314	-1785930.0112304096	-3469.244968725202	-3469.244968725202	
315	1686264.2996243748	4534.788915301548	4534.788915301548	
316	104833.26072412232	1498.9668515995254	1498.9668515995254	
317	-41037.81867630623	2021.7111906489906	2021.7111906489906	
318	1497440.7378546984	-404.55258866792167	-404.55258866792167	
319	504109.8306163621	3986.677949512957	3986.677949512957	
320	148433.85914912613	449.2914866174864	449.2914866174864	
321	-1651295.812138064	4139.224810512979	4139.224810512979	
322	-94636.44064604105	-3595.930993623075	-3595.930993623075	
323	-595781.430107677	5961.599153997096	5961.599153997096	
324	-7291063.717095144	1972.3534114199654	1972.3534114199654	
325	-109345.41892967989	418.7056384595855	418.7056384595855	
326	17262224.244496904	-7299.997347743853	-7299.997347743853	
327	187584.78918045177	-146.82401469378746	-146.82401469378746	
328	18576.886970651663	52.15622272773121	52.15622272773121	
329	-236333.31031405114	2718.5103377419455	2718.5103377419455	
330	4859.5796558872225	1864.7565777698776	1864.7565777698776	
331	3134552.813724438	1059.9868453370984	1059.9868453370984	
332	3303759.794302872	-4192.563411296255	-4192.563411296255	
333	-5744.368505762966	-131.71809316338957	-131.71809316338957	
334	2817323.2142434996	6474.369953548714	6474.369953548714	
335	2334812.143226049	-6135.146963010004	-6135.146963010004	
336	-1280932.6183980035	1672.5576750279479	1672.5576750279479	
337	-7156945.975339022	-3575.702035571635	-3575.702035571635	
338	964166.6210624397	3001.6976485063774	3001.6976485063774	
339	-1655094.9396113383	530.0951782705071	530.0951782705071	
340	-1916791.9327389672	-1075.0658377200632	-1075.0658377200632	
341	-3027559.8327363255	9336.88224036791	9336.88224036791	
342	-363798.3265530247	-1092.6661636800636	-1092.6661636800636	
343	79746.61511480276	46.56226844078375	46.56226844078375	
344	14571272.89270423	-3673.990062019187	-3673.990062019187	
345	-115714.56507093563	1245.276820877688	1245.276820877688	
346	-5538633.337641971	1574.8740800863934	1574.8740800863934	
347	-957372.9178221996	-1144.8190543949368	-1144.8190543949368	
348	-53100.52428087257	1372.852477081899	1372.852477081899	
349	600675.4658488786	-1903.3094131294636	-1903.3094131294636	
350	-485779.12901528814	601.0956498030687	601.0956498030687	
351	353687.4989969202	1651.2441084324932	1651.2441084324932	
352	11442150.626691226	-4719.435155790536	-4719.435155790536	
353	506390.58572543034	3004.1319014157743	3004.1319014157743	
354	5497857.229855522	4801.660529202253	4801.660529202253	
355	-599976.6925054316	2418.5187126799824	2418.5187126799824	
356	-53942.64985574449	16.373303875762296	16.373303875762296	
357	1647807.223049307	6573.508117053564	6573.508117053564	
358	3022788.2897731275	-2460.306244344951	-2460.306244344951	
359	9816485.442311542	8659.055466954065	8659.055466954065	
360	95169.32282570562	2404.9872939115826	2404.9872939115826	
361	69528.02960833015	1529.3477147836627	1529.3477147836627	
362	-24614.68990481789	5283.59374042631	5283.59374042631	
363	-432979.0906352178	588.9171320274397	588.9171320274397	
364	495320.91139825736	-3684.109242769798	-3684.109242769798	
365	2015906.8960398175	-984.7599869828308	-984.7599869828308	
366	335298.2480817296	-441.1926245412912	-441.1926245412912	
367	-334367.6137185492	-6114.784356885301	-6114.784356885301	
368	584247.4900345248	-1006.5919871048103	-1006.5919871048103	
369	1254696.9884518764	884.9592430629857	884.9592430629857	
370	-753188.5577697279	2789.6611619567157	2789.6611619567157	
371	185399.81846135072	5692.646988970182	5692.646988970182	
372	98147.54101233189	-611.4848232386806	-611.4848232386806	
373	-116033.27073146717	-1538.784897771414	-1538.784897771414	
374	3469.1213234645215	365.1063666767467	365.1063666767467	
375	-35406.20917502063	-596.5081543919343	-596.5081543919343	
376	-2016420.5136878048	-4239.487001799871	-4239.487001799871	
377	-2170603.468049484	-2042.2226837332123	-2042.2226837332123	
378	-27281.586873393106	-108.94481335290713	-108.94481335290713	
379	-62064.5123987625	262.7039235261943	262.7039235261943	
380	-4858276.801774168	4478.210704280602	4478.210704280602	
381	-3334405.582712698	1601.8666390327173	1601.8666390327173	
382	569860.9766870628	-1276.7072681763914	-1276.7072681763914	
383	-4265640.812271995	5053.837906357191	5053.837906357191	
384	1105820.820572564	-4912.114194917847	-4912.114194917847	
385	169007.60894294528	-41.455700751980324	-41.455700751980324	
386	29183.482566814146	-950.740994741354	-950.740994741354	
387	6941080.530951128	3012.0156703830166	3012.0156703830166	
388	170432.01480317704	4549.9854353457395	4549.9854353457395	
389	6698765.199671971	-4476.925891661659	-4476.925891661659	
390	-963626.1271114084	-6291.719834212767	-6291.719834212767	
391	14359.74572128756	-934.4243559411327	-934.4243559411327	
392	-634060.6213278801	-802.1262760398498	-802.1262760398498	
393	-12224560.554879537	4080.5114008860737	4080.5114008860737	
394	-77559.16947176147	2943.3710604566513	2943.3710604566513	
395	623931.2957779105	3146.4653479977933	3146.4653479977933	
396	-550968.7137104636	-1757.4020011241373	-1757.4020011241373	
397	16125548.534108095	-3298.0367087716145	-3298.0367087716145	
398	-318988.0391806881	-1259.8174014525314	-1259.8174014525314	
399	-3285455.477654237	2716.723011341478	2716.723011341478	
400	-348018.3235762947	-2152.0928293208576	-2152.0928293208576	
401	3313.7787098304816	-8.159643941540304	-8.159643941540304	
402	6213.870392165437	-22.279897701883275	-22.279897701883275	
403	-1151518.7132617587	-6499.123559048956	-6499.123559048956	
404	-626361.1364464037	2707.3627551465047	2707.3627551465047	
405	-326739.80503144657	-2196.6081314877306	-2196.6081314877306	
406	-223515.1993984468	84.30285616865355	84.30285616865355	
407	277982.73004758393	5726.368141076996	5726.368141076996	
408	586270.4102618238	4605.963459473829	4605.963459473829	
409	749006.4793567102	-391.4978570135904	-391.4978570135904	
410	1725700.9739539237	-1455.158024918389	-1455.158024918389	
411	-907351.4568042347	-3041.8995903155223	-3041.8995903155223	
412	-220275.79544750875	7429.420098738588	7429.420098738588	
413	51664.21893272145	-155.67908757559175	-155.67908757559175	
414	-3226297.851376664	2881.2102883598145	2881.2102883598145	
415	-460958.30997826834	-576.7419281189613	-576.7419281189613	
416	987986.8033614522	-786.2798448223367	-786.2798448223367	
417	-755264.5865655281	396.9721647603011	396.9721647603011	
418	-2383199.066939255	1880.8931421076409	1880.8931421076409	
419	-538304.8058629181	2060.440605519318	2060.440605519318	
420	-503693.77362360817	6350.209711302469	6350.209711302469	
421	6358047.892661577	5021.685301921795	5021.685301921795	
422	-11165.749302552696	-9.522021918476364	-9.522021918476364	
423	-357782.79184723814	-373.28151047165767	-373.28151047165767	
424	66919.79834217794	-2794.656654282942	-2794.656654282942	
425	1379562.3310673363	-1175.1370521383813	-1175.1370521383813	
426	-123389.57438163784	532.7542440338531	532.7542440338531	
427	-22098.435951866566	-29.587516358456877	-29.587516358456877	
428	-4155.333095196225	521.2581783896749	521.2581783896749	
429	64267.16079849436	230.53848480038528	230.53848480038528	
430	1649692.2695277075	-3001.589856475843	-3001.589856475843	
431	-77526.93806335545	506.54159635058267	506.54159635058267	
432	-519802.13912397274	1178.1237685639014	1178.1237685639014	
433	6155100.531305814	4846.090663130646	4846.090663130646	
434	187020.58564432675	-2450.598852212668	-2450.598852212668	
435	886570.0447820259	-475.61632486166786	-475.61632486166786	
436	8726346.663224237	4085.0270356742235	4085.0270356742235	
437	194916.31334203965	-189.9654996906938	-189.9654996906938	
438	60952.147263445586	-118.2148527160838	-118.2148527160838	
439	-1923643.4522138583	1728.3196097001694	1728.3196097001694	
440	-47319.50386846481	54.003665767955496	54.003665767955496	
441	2894698.159596475	7147.462240483554	7147.462240483554	
442	76533.65654994763	1181.9584799749418	1181.9584799749418	
443	13178.837271575865	-59.77564093541584	-59.77564093541584	
444	214942.54182064335	-800.9028971134015	-800.9028971134015	
445	13487913.023379732	6226.016291621902	6226.016291621902	
446	2862994.7313295975	3977.275379710054	3977.275379710054	
447	1797478.4345421353	-870.8346003124907	-870.8346003124907	
448	392326.2115124111	2211.843056658566	2211.843056658566	
449	-2374285.0381683926	-3160.7341532725527	-3160.7341532725527	
450	14448988.95441608	4217.03065693562	4217.03065693562	
451	-164258.2641159662	2165.132104338235	2165.132104338235	
452	-112877.31356570903	1594.2111973574758	1594.2111973574758	
453	-248037.93387095086	8453.638116796044	8453.638116796044	
454	-8548.970968035414	84.76724802321567	84.76724802321567	
455	-8689299.733563883	-3397.464747093867	-3397.464747093867	
456	-291573.16093904217	-665.2829215414657	-665.2829215414657	
457	314846.9830681091	-222.2256152587297	-222.2256152587297	
458	51397.22723082131	-49.41511709658634	-49.41511709658634	
459	-10322777.581895497	7899.206571791794	7899.206571791794	
460	-1300445.0333221673	353.8490360624138	353.8490360624138	
461	32458.61561814813	98.20426397871185	98.20426397871185	
462	409479.1926654606	-3283.7563882366844	-3283.7563882366844	
463	-2166101.5323961116	-2090.673227383014	-2090.673227383014	
464	-632581.9375602835	387.3179567509924	387.3179567509924	
465	-4141566.4156456646	-5515.622849880921	-5515.622849880921	
466	107875.52808276475	3129.7858006424644	3129.7858006424644	
467	39585.91010753323	1047.677074024161	1047.677074024161	
468	-46784.254459068114	-1148.1719879180644	-1148.1719879180644	
469	585165.6412410212	-5288.879005424755	-5288.879005424755	
470	-899659.3423218578	4485.959572780722	4485.959572780722	
471	16475.525896568906	-468.73188489037796	-468.73188489037796	
472	630163.8315622619	1012.0412953733302	1012.0412953733302	
473	6153855.968063989	8121.817932199119	8121.817932199119	
474	-692971.1333743877	-4594.078441853795	-4594.078441853795	
475	974924.9523525231	483.402051478439	483.402051478439	
476	-3046120.4446516936	3124.284393182934	3124.284393182934	
477	678150.9700199782	2820.5372718563135	2820.5372718563135	
478	4926428.106389684	3181.8246200836497	3181.8246200836497	
479	-280667.7114582197	-1589.9265479898982	-1589.9265479898982	
480	12890045.908046665	-0.22842114591274965	-0.22842114591274965	
481	-743403.9211881674	-1331.2991300073381	-1331.2991300073381	
482	2581309.098809265	4052.691852461788	4052.691852461788	
483	-878296.583793565	4805.547765839342	4805.547765839342	
484	-572105.8860450224	1733.3175623083075	1733.3175623083075	
485	-1207.0414028156622	30.733414110155042	30.733414110155042	
486	-7692849.06341097	-3852.1948510220063	-3852.1948510220063	
487	5176688.70757613	-1303.3054551045523	-1303.3054551045523	
488	1175873.0328954484	3783.6052615786366	3783.6052615786366	
489	6065088.770907197	-1899.26382583163	-1899.26382583163	
490	2128842.8522860697	-4296.837364352628	-4296.837364352628	
491	1383064.775169151	-7197.510730668729	-7197.510730668729	
492	-887659.75149371	4970.01265292591	4970.01265292591	
493	-3518647.3148948047	-1686.4920958506066	-1686.4920958506066	
494	2256963.2092606802	8350.3755623648	8350.3755623648	
495	-3344814.6782350796	8044.981361860377	8044.981361860377	
496	10691255.462237457	2644.464534227559	2644.464534227559	
497	4484256.907626639	-1607.5310489778376	-1607.5310489778376	
498	-2129839.6284916485	-1220.6651526135543	-1220.6651526135543	
499	-4253143.109178625	7713.89538154615	7713.89538154615	
