InstanceID	EndpointPrediction	BestPrediction	TrueEndpoint	
0	-26.818920309730345	0.3423983043945784	0.3423983043945784	
1	85.32208880428999	0.3960867537945624	0.3960867537945624	
2	33.99210054103342	0.6771579788074511	0.6771579788074511	
3	38.26798157223594	0.6843916506886634	0.6843916506886634	
4	13.533173390302945	-0.5413802029573682	-0.5413802029573682	
5	14.196590659600142	0.40301103515493253	0.40301103515493253	
6	286.0130045856962	0.9791054298659821	0.9791054298659821	
7	-197.23689825924845	0.3048964122309386	0.3048964122309386	
8	-109.4159390317861	-0.2505182747317282	-0.2505182747317282	
9	-78.78060493964459	0.2306902879945122	0.2306902879945122	
10	-183.7141941262858	-0.8450499427101631	-0.8450499427101631	
11	-10.484823227385832	-0.3079156862764319	-0.3079156862764319	
12	-282.35265832197445	-0.36057763259560116	-0.36057763259560116	
13	450.53435663089647	0.3085881677111934	0.3085881677111934	
14	-135.93539744478076	0.2239439682210306	0.2239439682210306	
15	162.6303227991459	-0.7281385764378299	-0.7281385764378299	
16	281.9830771325793	-0.9662972447627767	-0.9662972447627767	
17	-31.8007771564669	0.4284107289098825	0.4284107289098825	
18	-41.80134376830824	-0.8127794705410696	-0.8127794705410696	
19	1.618689184224727	-0.5713094491210368	-0.5713094491210368	
20	-98.4964760187386	-0.9972721031153975	-0.9972721031153975	
21	-58.25828055803065	0.5732257267044488	0.5732257267044488	
22	-53.13982648026387	-0.5713681930023583	-0.5713681930023583	
23	-0.979299986014109	0.7947662988786657	0.7947662988786657	
24	-118.82015969180739	-0.33581956857382045	-0.33581956857382045	
25	64.72738860734184	-0.5054316851436552	-0.5054316851436552	
26	138.7421411711534	-0.3164420134302995	-0.3164420134302995	
27	0.801682125207896	-0.4042745034209605	-0.4042745034209605	
28	-137.62638492965488	0.5681569653231499	0.5681569653231499	
29	40.0936570461268	0.9981971643969209	0.9981971643969209	
30	1.4924534142037857	0.8616734782046946	0.8616734782046946	
31	313.07217017131654	0.8012448825924765	0.8012448825924765	
32	1.6653217716093134	0.6210800993369532	0.6210800993369532	
33	-6.903282798846123	0.20372444680739413	0.20372444680739413	
34	-119.586079246113	-0.8036865886731654	-0.8036865886731654	
35	198.83121734159585	-0.1452486428371672	-0.1452486428371672	
36	234.29509109901426	-0.8791169015369924	-0.8791169015369924	
37	-75.16541446839693	-0.9193273293012478	-0.9193273293012478	
38	413.91943545135507	-0.8919117790336224	-0.8919117790336224	
39	336.94804470459064	-0.5780155784386763	-0.5780155784386763	
40	179.39922207143616	0.9751453206173852	0.9751453206173852	
41	-189.42569809601127	0.9623531216030102	0.9623531216030102	
42	8.209263259198497	0.8728807025986787	0.8728807025986787	
43	249.86556377887337	0.3863301991295572	0.3863301991295572	
44	123.73313284923366	0.40105090856626957	0.40105090856626957	
45	114.70930898191683	0.9615322501524357	0.9615322501524357	
46	-33.113052928750975	-0.4613161603760749	-0.4613161603760749	
47	-38.896222982693	-0.9900062830758037	-0.9900062830758037	
48	462.740510797749	-0.6715665645143682	-0.6715665645143682	
49	-42.924260353777896	-0.5261424926394723	-0.5261424926394723	
50	-21.746220129062692	0.5381006546616681	0.5381006546616681	
51	4.2879472989909715	-0.9367029639126296	-0.9367029639126296	
52	248.83454220685144	0.6255710056967065	0.6255710056967065	
53	196.4512299793038	-0.9101110182146493	-0.9101110182146493	
54	117.59043978225296	0.2620862812005875	0.2620862812005875	
55	-184.91818705152744	-0.5763781808803693	-0.5763781808803693	
56	-0.8456556631207217	0.527110079392567	0.527110079392567	
57	-156.30559734048018	-0.9876675680485281	-0.9876675680485281	
58	193.23038096085025	0.38897584796326684	0.38897584796326684	
59	63.484822135407136	0.5141696147598316	0.5141696147598316	
60	83.43375426686376	-0.15007954441291382	-0.15007954441291382	
61	-11.246986220763695	-0.978160697025474	-0.978160697025474	
62	-42.442941472667876	0.3218427812503509	0.3218427812503509	
63	-24.57083094811895	0.5699903468944185	0.5699903468944185	
64	0.6864678486073009	-0.7928339214416161	-0.7928339214416161	
65	27.29622833939773	-0.13079377958813146	-0.13079377958813146	
66	-4.916360975420643	0.9153743066322165	0.9153743066322165	
67	27.497441647632147	0.832915687790393	0.832915687790393	
68	-103.17338491106194	0.7866822756285221	0.7866822756285221	
69	-25.529518316574077	-0.9178561680114478	-0.9178561680114478	
70	28.16328436826574	-0.7033924575459841	-0.7033924575459841	
71	18.458214292096336	-0.7271294014485779	-0.7271294014485779	
72	12.409275869323666	0.9491474300193152	0.9491474300193152	
73	17.284355162379477	-0.915812722959765	-0.915812722959765	
74	74.55576676867027	0.543681380859649	0.543681380859649	
75	145.13094169584963	0.5686505194283302	0.5686505194283302	
76	113.49198162329421	-0.9638716138480988	-0.9638716138480988	
77	-258.355545001136	0.9908049095232679	0.9908049095232679	
78	-171.18619774730246	-0.25338698847542646	-0.25338698847542646	
79	264.5613577627807	0.9995840149009417	0.9995840149009417	
80	-561.9107117459827	0.9378205659868369	0.9378205659868369	
81	-2.5336435724384314	0.8606699215507663	0.8606699215507663	
82	220.13875310825264	0.9191624071305491	0.9191624071305491	
83	20.914330164736008	-0.8097128229430968	-0.8097128229430968	
84	15.928841207377939	0.6890376214870237	0.6890376214870237	
85	21.380673836022236	-0.7949322637798255	-0.7949322637798255	
86	495.3550375650854	-0.05465391018918052	-0.05465391018918052	
87	23.782361862250703	-0.9963025243609738	-0.9963025243609738	
88	85.38160385244566	-0.8659281144378367	-0.8659281144378367	
89	246.32700828723938	0.08306023412939348	0.08306023412939348	
90	-42.863742968493554	-0.7639091609674309	-0.7639091609674309	
91	-11.710946346578437	-0.7616445394282725	-0.7616445394282725	
92	3.8704960720919774	-0.2030132121882385	-0.2030132121882385	
93	237.89892609129757	-0.9225446236539244	-0.9225446236539244	
94	144.37291383600228	-0.9922869460482368	-0.9922869460482368	
95	96.3912091028714	0.6178309136683151	0.6178309136683151	
96	126.63925840426688	0.929295115381139	0.929295115381139	
97	-7.728583463408836	-0.1975924594495367	-0.1975924594495367	
98	-87.24350882041018	0.5443165203490885	0.5443165203490885	
99	24.764311491658276	0.9505461431434867	0.9505461431434867	
100	300.5478743086894	0.8025431600851556	0.8025431600851556	
101	-151.9962859451194	-0.08140803548831736	-0.08140803548831736	
102	243.6247490565727	-0.02973088108183318	-0.02973088108183318	
103	38.392183273158906	-0.9250434599905073	-0.9250434599905073	
104	486.95721711556365	0.7654416036941891	0.7654416036941891	
105	-281.5383620822133	-0.9380020297701281	-0.9380020297701281	
106	-331.438577804668	0.9947560937228785	0.9947560937228785	
107	284.05434160277633	0.032661136959831714	0.032661136959831714	
108	-32.58708770959981	0.3003580886256509	0.3003580886256509	
109	526.177271929518	0.05943135451119833	0.05943135451119833	
110	-212.4896552380967	-0.32558107956556365	-0.32558107956556365	
111	-312.1050358281851	-0.7515794008775092	-0.7515794008775092	
112	154.84350543057286	-0.3641698399157429	-0.3641698399157429	
113	-96.11089009071493	-0.9929720789423097	-0.9929720789423097	
114	105.19630633818261	-0.9797665675625908	-0.9797665675625908	
115	-375.95566885457646	-0.9495913445849099	-0.9495913445849099	
116	-12.47239281885124	-0.7307866040586802	-0.7307866040586802	
117	-0.6392464680050347	0.8082291388067743	0.8082291388067743	
118	-318.15567418657616	-0.4037475649292969	-0.4037475649292969	
119	40.00449422465875	0.9279590203841532	0.9279590203841532	
120	-141.1740478842934	0.8807803419319016	0.8807803419319016	
121	204.60973261954558	-0.4312169758607801	-0.4312169758607801	
122	-8.668681881518454	-0.30061957968598385	-0.30061957968598385	
123	-20.455230618520307	0.8778475906745523	0.8778475906745523	
124	209.61721850040712	-0.1537559986393819	-0.1537559986393819	
125	176.5473201962525	0.675410182017608	0.675410182017608	
126	69.08150118065264	0.995280424819779	0.995280424819779	
127	-0.45617572200402867	-0.08910586441255232	-0.08910586441255232	
128	-273.61011734779044	-0.9915765999907772	-0.9915765999907772	
129	-45.49851430381105	-0.5183856334843582	-0.5183856334843582	
130	-276.7125017323521	0.46072357148128407	0.46072357148128407	
131	-12.20008138277156	0.2732346491332656	0.2732346491332656	
132	36.554406578386825	0.31725617555940455	0.31725617555940455	
133	-0.13154941181378316	0.7045436557078146	0.7045436557078146	
134	59.60447294279957	0.5889125557540074	0.5889125557540074	
135	84.20749935142322	0.28187371487862595	0.28187371487862595	
136	-30.86674053201079	0.1767778985162598	0.1767778985162598	
137	-117.45198081069258	-0.9985576649466064	-0.9985576649466064	
138	22.121567772254043	-0.023575505936079755	-0.023575505936079755	
139	-32.44129438409835	-0.891306867094213	-0.891306867094213	
140	-92.64295566002355	-0.9235587287439945	-0.9235587287439945	
141	92.30004426711979	-0.27242529339014315	-0.27242529339014315	
142	-21.649952808637444	0.8630030572538249	0.8630030572538249	
143	-134.72533254225516	0.6564024885456551	0.6564024885456551	
144	-9.058742410998867	-0.40192132148768256	-0.40192132148768256	
145	481.9954250778933	0.9984997032575353	0.9984997032575353	
146	189.34833130489065	0.7291440516824894	0.7291440516824894	
147	86.74855929228617	-0.9706091045865715	-0.9706091045865715	
148	69.40097675784456	0.9246341733473797	0.9246341733473797	
149	319.2323405981559	-0.9651492033258553	-0.9651492033258553	
150	-82.24746422886275	-0.9630163411724513	-0.9630163411724513	
151	-160.73841246398854	-0.266594739675581	-0.266594739675581	
152	-12.64928122181656	0.6530978727388622	0.6530978727388622	
153	591.0857956197054	-0.7979096915203152	-0.7979096915203152	
154	-356.8651270943184	0.6806646545077631	0.6806646545077631	
155	38.26110043208575	0.7368936366697127	0.7368936366697127	
156	-288.3777856310699	-0.9625641882254183	-0.9625641882254183	
157	-144.46399871819557	0.9903305526660098	0.9903305526660098	
158	320.75300966551515	0.8956835855446559	0.8956835855446559	
159	39.04879605956616	-0.8069506144162952	-0.8069506144162952	
160	-22.5931545611492	-0.9999731735717534	-0.9999731735717534	
161	60.46354481378086	0.9775981034198175	0.9775981034198175	
162	448.9231933647855	0.7905069072729315	0.7905069072729315	
163	-29.48151129065391	-0.732065439539787	-0.732065439539787	
164	141.6642166476718	0.7140097053342032	0.7140097053342032	
165	-110.85651475668936	0.03945566510057911	0.03945566510057911	
166	-17.901753022329085	-0.30779374116776526	-0.30779374116776526	
167	-331.390818170195	-0.567115155348702	-0.567115155348702	
168	-266.2307598134942	0.8589243247810487	0.8589243247810487	
169	-19.33113114031755	0.9993203798116442	0.9993203798116442	
170	374.2413130859296	0.8144253434887069	0.8144253434887069	
171	279.2667315750318	0.586548350788093	0.586548350788093	
172	-344.848018932143	-0.21459854314663723	-0.21459854314663723	
173	-80.9884029300075	0.6580713211224719	0.6580713211224719	
174	1.7609887547289094	-0.9986420190174844	-0.9986420190174844	
175	-39.957846204364344	-0.07560852733248404	-0.07560852733248404	
176	-89.3738566027441	-0.2988285901084406	-0.2988285901084406	
177	421.029746912469	-0.8129759568872088	-0.8129759568872088	
178	42.991329769069694	0.6232914839787838	0.6232914839787838	
179	-48.39265772736661	-0.3338995468608226	-0.3338995468608226	
180	19.66563036253845	0.8223217472079122	0.8223217472079122	
181	-43.985560931672104	-0.9263064762532754	-0.9263064762532754	
182	118.09246119025069	0.9965013948395034	0.9965013948395034	
183	0.59003008285213	0.823175293058798	0.823175293058798	
184	-81.93314034971857	0.7566041216223858	0.7566041216223858	
185	-29.971535150559912	0.995558241225195	0.995558241225195	
186	27.821248819258116	0.6072515570285358	0.6072515570285358	
187	322.33588621775374	-0.26092500859443934	-0.26092500859443934	
188	-64.00211871773125	0.33088362792966863	0.33088362792966863	
189	-24.30216872287025	-0.9637926392071128	-0.9637926392071128	
190	-74.33459601820401	-0.9808426443762126	-0.9808426443762126	
191	-0.08845867351369532	0.6261114229581182	0.6261114229581182	
192	16.040450019214237	-0.259044240607098	-0.259044240607098	
193	-0.23982120561169729	0.6350635401317001	0.6350635401317001	
194	85.46547759079837	-0.8493052904415734	-0.8493052904415734	
195	498.1876237100021	0.39811612580455163	0.39811612580455163	
196	3.5829696187044546	0.014689400647130034	0.014689400647130034	
197	-59.73703174506436	0.8367217861294363	0.8367217861294363	
198	244.93238687713597	-0.36341032585779276	-0.36341032585779276	
199	275.2167690144604	0.44993596396738705	0.44993596396738705	
200	-27.509727819825777	-0.7697343694718208	-0.7697343694718208	
201	76.63445640988947	-0.8932040929036558	-0.8932040929036558	
202	-185.7058294308529	-0.732215034931248	-0.732215034931248	
203	46.71564569328316	0.8001653767582819	0.8001653767582819	
204	49.77037431327368	0.9367571435570295	0.9367571435570295	
205	-37.22695694722086	-0.47535766348833614	-0.47535766348833614	
206	-56.73856655555756	-0.2380570769123145	-0.2380570769123145	
207	4.776786624756971	0.5597711952761681	0.5597711952761681	
208	170.9153434883463	0.5896164179795307	0.5896164179795307	
209	50.387418756179436	0.9634027321307082	0.9634027321307082	
210	364.8780234120295	0.010839030563607641	0.010839030563607641	
211	497.8604339702742	0.9996665309866205	0.9996665309866205	
212	-20.575663577312564	-0.27411753873008765	-0.27411753873008765	
213	-306.2993377531414	0.06820959443281177	0.06820959443281177	
214	-269.4027371769514	-0.38837957309496024	-0.38837957309496024	
215	47.782506826071696	0.11595507730601946	0.11595507730601946	
216	-54.31530645510969	0.5867286321716679	0.5867286321716679	
217	-202.7377743413865	0.5264325528171457	0.5264325528171457	
218	67.08883762361387	0.6042128915344819	0.6042128915344819	
219	546.6891543407728	0.18062061958204015	0.18062061958204015	
220	110.8447586073133	-0.06547089159479073	-0.06547089159479073	
221	2.5486669701702445	0.9562846861066104	0.9562846861066104	
222	190.9973544144545	-0.9738531892674223	-0.9738531892674223	
223	-69.68461859608402	0.294208932637967	0.294208932637967	
224	-93.20785978985529	0.8954523108073079	0.8954523108073079	
225	-213.6635947811697	0.9944755038017536	0.9944755038017536	
226	21.072849044707194	-0.4733975734039066	-0.4733975734039066	
227	266.1379733764127	-0.449115445889311	-0.449115445889311	
228	183.03540267615207	0.03163048898634973	0.03163048898634973	
229	242.94016178605014	0.4218227218734223	0.4218227218734223	
230	50.78199965522293	0.9469190339274225	0.9469190339274225	
231	13.190042208602861	-0.7443742010711479	-0.7443742010711479	
232	62.05156611175877	-0.7225074562756152	-0.7225074562756152	
233	28.25169021815609	0.3774296838593844	0.3774296838593844	
234	46.0315396450971	0.9962777761047098	0.9962777761047098	
235	-88.68106568763127	-0.608367846091298	-0.608367846091298	
236	-52.06172456103797	0.05918055699394279	0.05918055699394279	
237	-11.326704151427174	-0.9730129567794726	-0.9730129567794726	
238	-3.3581365841932493	0.9997278681065738	0.9997278681065738	
239	-1.5859377138578457	-0.992165248928334	-0.992165248928334	
240	575.2373117139075	-0.6903332555486021	-0.6903332555486021	
241	234.55087664376074	0.8119260131121144	0.8119260131121144	
242	46.39606923192037	0.9666572710575522	0.9666572710575522	
243	162.59322270626208	0.43311163386688667	0.43311163386688667	
244	17.5979691020433	0.011048070297379281	0.011048070297379281	
245	-214.0408351152208	0.7554525528993962	0.7554525528993962	
246	161.96824659388557	-0.24584626778380597	-0.24584626778380597	
247	57.03734609815684	0.31486358849849116	0.31486358849849116	
248	48.68039024228674	0.6503323666955069	0.6503323666955069	
249	-32.5920114837668	-0.4097155196789579	-0.4097155196789579	
250	308.9724574270928	0.6725848865250542	0.6725848865250542	
251	31.594881157419376	0.5566845055724151	0.5566845055724151	
252	6.548568687245839	0.8937179599464949	0.8937179599464949	
253	64.81361993116778	-0.06772961157500057	-0.06772961157500057	
254	-93.25332727053645	-0.8648472722387726	-0.8648472722387726	
255	-98.70412795921449	-0.9795346618280839	-0.9795346618280839	
256	-11.952406641520513	0.6796087869186991	0.6796087869186991	
257	138.91262009603588	0.8289921174513567	0.8289921174513567	
258	5.705800266076422	-0.9424750910839568	-0.9424750910839568	
259	-452.3321460231237	-0.9999337762214671	-0.9999337762214671	
260	469.5426442590492	-0.5300717110850597	-0.5300717110850597	
261	145.99480546845737	0.36900217715033723	0.36900217715033723	
262	-75.28825710862152	-0.6907008501557801	-0.6907008501557801	
263	-232.44826482563457	0.9558074563413188	0.9558074563413188	
264	47.2739064682845	0.14783547441713962	0.14783547441713962	
265	13.134837042969284	-0.43844916423807684	-0.43844916423807684	
266	-40.97464595053006	0.999002694299844	0.999002694299844	
267	15.3687431065427	0.7806017907462219	0.7806017907462219	
268	-136.0151616932268	-0.6795829800341137	-0.6795829800341137	
269	25.1056306458621	-0.9341578928805785	-0.9341578928805785	
270	-115.42407822002677	-0.9573628322750941	-0.9573628322750941	
271	18.319270239833887	0.062120429074362805	0.062120429074362805	
272	-10.340367026123536	0.9768439437209917	0.9768439437209917	
273	-2.413714624629143	0.6766884796047126	0.6766884796047126	
274	38.497717094454565	-0.21472126921046697	-0.21472126921046697	
275	-60.6156999731518	0.4483863466036431	0.4483863466036431	
276	-132.63990857965499	-0.9723226195663713	-0.9723226195663713	
277	282.9711159072886	0.7847497243744688	0.7847497243744688	
278	-274.3927324058979	-0.9700115154396983	-0.9700115154396983	
279	83.32228883720786	-0.43485751458666305	-0.43485751458666305	
280	-71.40516147642911	-0.4379112166506506	-0.4379112166506506	
281	44.63339850766698	-0.9889314231939628	-0.9889314231939628	
282	307.6548596387768	0.9109516363502215	0.9109516363502215	
283	-31.612783964713792	0.9999978246764217	0.9999978246764217	
284	-219.519859694748	-0.8421896346160302	-0.8421896346160302	
285	-270.21458391611054	-0.9675622974675958	-0.9675622974675958	
286	-133.09838289732815	-0.8841330625358206	-0.8841330625358206	
287	79.93523541105952	0.9998491026888002	0.9998491026888002	
288	-57.38468854367877	0.4102367002168048	0.4102367002168048	
289	-146.84618172788217	-0.9468197726655933	-0.9468197726655933	
290	-50.591465572263004	-0.6259148815294644	-0.6259148815294644	
291	-423.6071375296593	0.2954015518068943	0.2954015518068943	
292	-1.004929688068086	-0.9970303258262632	-0.9970303258262632	
293	30.486694514956934	-0.16244920465583118	-0.16244920465583118	
294	35.336663065697664	0.3570110583035854	0.3570110583035854	
295	-5.260827247034081	-0.43069407240971574	-0.43069407240971574	
296	37.166108845524974	0.9881587300176665	0.9881587300176665	
297	3.3968071888222267	0.572027892602514	0.572027892602514	
298	-157.30052485870866	-0.6406460063653967	-0.6406460063653967	
299	-1.3636429893939748	-0.5078623097315554	-0.5078623097315554	
300	-35.92258529420972	0.9902233325053293	0.9902233325053293	
301	13.404826178478382	-0.9912553722443187	-0.9912553722443187	
302	-1.5343042684263444	0.7505432554524579	0.7505432554524579	
303	-873.7237446946536	0.015743450604620207	0.015743450604620207	
304	167.9702652613012	-0.8490279139250893	-0.8490279139250893	
305	-53.33573479395809	-0.8783091950821764	-0.8783091950821764	
306	-111.6929484497912	-0.3352368038924779	-0.3352368038924779	
307	4.278650661773185	0.21698661187486973	0.21698661187486973	
308	-68.11489763209786	-0.9351666344438552	-0.9351666344438552	
309	44.139033706731794	-0.1408336036664161	-0.1408336036664161	
310	-37.42053980154083	0.9966972046812751	0.9966972046812751	
311	-135.44717201746295	-0.6266845340539474	-0.6266845340539474	
312	-13.6762299149006	0.11234575790667886	0.11234575790667886	
313	45.16601410279126	0.30531677261683543	0.30531677261683543	
314	223.9267408377858	-0.8272111320256538	-0.8272111320256538	
315	-50.71917329296442	-0.990922408952782	-0.990922408952782	
316	618.4856503021606	-0.7299156096925341	-0.7299156096925341	
317	9.76782599314512	0.7661949824126819	0.7661949824126819	
318	129.30054206281608	-0.009383685084846376	-0.009383685084846376	
319	207.98973342682177	0.9770896859802035	0.9770896859802035	
320	36.61131732874532	0.6504987027439765	0.6504987027439765	
321	-5.700085874313108	0.15134156287216527	0.15134156287216527	
322	-186.83204088646772	-0.17715829059486835	-0.17715829059486835	
323	244.42980961635305	0.6249226956900229	0.6249226956900229	
324	-524.4793933012135	0.6243403000669793	0.6243403000669793	
325	84.58374638588892	-0.9893476269278445	-0.9893476269278445	
326	1.2199793355023385	-0.4862766169100839	-0.4862766169100839	
327	-377.5821756768447	-0.998485024566289	-0.998485024566289	
328	27.418256019323355	-0.9462206917076583	-0.9462206917076583	
329	466.85718525661576	0.2344924816011039	0.2344924816011039	
330	62.38652659835382	-0.08695934963630088	-0.08695934963630088	
331	-222.25391565853397	0.9589777247544645	0.9589777247544645	
332	-141.21215984813435	-0.7860688655218081	-0.7860688655218081	
333	47.002428217969594	-0.02159877660972189	-0.02159877660972189	
334	18.889864241334713	0.9344527718290371	0.9344527718290371	
335	291.4217170932413	-0.026358535920256228	-0.026358535920256228	
336	-24.051370399178406	0.3839417536985682	0.3839417536985682	
337	451.4920920705346	0.9845631714374542	0.9845631714374542	
338	-9.453264208814717	0.5001189439089986	0.5001189439089986	
339	-374.27080021513035	-0.4347316206536321	-0.4347316206536321	
340	33.473692718770394	0.3982537109897204	0.3982537109897204	
341	340.61044902974317	0.19469039928047163	0.19469039928047163	
342	159.64830589559438	0.9761834634761732	0.9761834634761732	
343	60.33049583876281	0.9055132508825474	0.9055132508825474	
344	-157.44573829519797	-0.8329783797608256	-0.8329783797608256	
345	-31.469945779974253	-0.7882985197135229	-0.7882985197135229	
346	-7.417185452721013	0.7243364558187202	0.7243364558187202	
347	-2.686882626710566	-0.10594759190198465	-0.10594759190198465	
348	-46.35824487239424	0.2408463340237339	0.2408463340237339	
349	-229.63724711226263	0.95446185397626	0.95446185397626	
350	57.810292500923744	-0.6205451674121946	-0.6205451674121946	
351	-213.40681462403958	-0.9983487450585719	-0.9983487450585719	
352	100.30401540266125	-0.9888857281808405	-0.9888857281808405	
353	120.84952273863364	-0.8350657555627178	-0.8350657555627178	
354	10.435742840845274	-0.2783238898078345	-0.2783238898078345	
355	527.1457413280301	0.5688504297015872	0.5688504297015872	
356	-391.4740409702238	0.5100781239083476	0.5100781239083476	
357	-46.07928885018492	0.36224939814112755	0.36224939814112755	
358	0.6482096904652151	0.810068422642494	0.810068422642494	
359	-12.601088680659236	0.9437863519668497	0.9437863519668497	
360	-544.7119079959821	-0.05178265285959399	-0.05178265285959399	
361	31.823724216877945	0.8849555463682395	0.8849555463682395	
362	314.4398164952029	0.08050564421912654	0.08050564421912654	
363	338.3816841488673	0.768176771523113	0.768176771523113	
364	-56.77386117788589	-0.15135103015853896	-0.15135103015853896	
365	-3.737005219379267	0.450993406776526	0.450993406776526	
366	-26.903981308125513	-0.06026305675097506	-0.06026305675097506	
367	-39.81905372566519	0.6262247851214987	0.6262247851214987	
368	556.5241785644022	0.7496149607638356	0.7496149607638356	
369	-120.63636842002195	-0.9426808024783595	-0.9426808024783595	
370	292.600234321351	0.6403382542272028	0.6403382542272028	
371	-54.9129355368328	0.332962122646206	0.332962122646206	
372	6.722886266906656	0.18388033203498125	0.18388033203498125	
373	-22.559275406748032	0.8692205926944759	0.8692205926944759	
374	113.81081813112522	-0.9919124711088968	-0.9919124711088968	
375	220.58469399141327	-0.46890516837551804	-0.46890516837551804	
376	-2.124998452674121	0.9997276511913853	0.9997276511913853	
377	-5.742001765993342	0.9432234232237112	0.9432234232237112	
378	-359.0690061758214	-0.5181808912346656	-0.5181808912346656	
379	261.0744491107087	-0.536348744388693	-0.536348744388693	
380	92.83318073230826	0.9631355652760288	0.9631355652760288	
381	18.819371721905505	0.6231988183068378	0.6231988183068378	
382	-64.68835053156522	0.6379600966968326	0.6379600966968326	
383	16.906059080550662	0.7597922857007355	0.7597922857007355	
384	-6.6814083316189965	-0.6033110885163566	-0.6033110885163566	
385	-2.1647000888396413	0.44774508932288054	0.44774508932288054	
386	3.2468290864571756	-0.5325475675714157	-0.5325475675714157	
387	-10.290449856824353	0.8375540604017296	0.8375540604017296	
388	192.1084957530612	-0.9612340053191373	-0.9612340053191373	
389	-7.620527616939061	-0.5300043403896924	-0.5300043403896924	
390	76.1551135245451	-0.7316313564418291	-0.7316313564418291	
391	8.204169269477989	0.681897989635885	0.681897989635885	
392	-144.3840941710907	0.17109333221564138	0.17109333221564138	
393	-353.2544638742736	-0.9819029350787224	-0.9819029350787224	
394	-216.60248448226324	0.7088517195901602	0.7088517195901602	
395	10.373093586218383	0.923262787979147	0.923262787979147	
396	-110.26763662790395	0.4543741262654839	0.4543741262654839	
397	33.13070219205652	0.9673934160431552	0.9673934160431552	
398	-159.89393720207656	0.6417864350756894	0.6417864350756894	
399	208.6540036715218	0.7138977529730708	0.7138977529730708	
400	-23.741989157454753	-0.8637373324715635	-0.8637373324715635	
401	-85.59850019180185	-0.9284146758486078	-0.9284146758486078	
402	-80.76534042150897	-0.9973422711350622	-0.9973422711350622	
403	-112.7006351498829	-0.007097227199780216	-0.007097227199780216	
404	-13.394791221460608	-0.589355987501333	-0.589355987501333	
405	552.3842495225114	0.7593439833834192	0.7593439833834192	
406	-24.509027190461893	-0.23232317248844242	-0.23232317248844242	
407	12.984812699090407	-0.9996657322158419	-0.9996657322158419	
408	-36.23524783402565	-0.9769607291067057	-0.9769607291067057	
409	-284.05965730828694	-0.9902180488122586	-0.9902180488122586	
410	-196.42373363275925	0.043688161222587674	0.043688161222587674	
411	-76.64344253845935	-0.6601011765580803	-0.6601011765580803	
412	-80.7265717926594	-0.8667285882038354	-0.8667285882038354	
413	10.956181172088852	0.8889869450493776	0.8889869450493776	
414	-496.51760680717365	0.9025920722435229	0.9025920722435229	
415	-4.104498716930877	-0.9994381601680185	-0.9994381601680185	
416	9.66678848997551	0.8968715766776657	0.8968715766776657	
417	152.4190008394224	0.4421524767781087	0.4421524767781087	
418	-13.691460976888495	0.29000663899015944	0.29000663899015944	
419	1.8003653003535536	-0.6912082215648747	-0.6912082215648747	
420	-311.908148641861	-0.9146455459186272	-0.9146455459186272	
421	7.358551573543285	0.9783282711285681	0.9783282711285681	
422	16.90658751411067	-0.9904644797070681	-0.9904644797070681	
423	91.89301958636186	-0.7005781916627242	-0.7005781916627242	
424	599.2788683270841	0.9991394835385039	0.9991394835385039	
425	-28.912305649903008	-0.6428560274131919	-0.6428560274131919	
426	-76.11855069455542	-0.929447417195878	-0.929447417195878	
427	-491.22639796102845	0.2839389567766416	0.2839389567766416	
428	-117.74817552638162	-0.19522796228667963	-0.19522796228667963	
429	147.30295059394496	-0.5545957670577214	-0.5545957670577214	
430	7.293414095265885	0.01075500446349146	0.01075500446349146	
431	-255.64234161079935	0.974026486086521	0.974026486086521	
432	-70.19239078473109	-0.9665547667893774	-0.9665547667893774	
433	16.163380804185273	0.004310988595573262	0.004310988595573262	
434	202.01558507430886	0.7205469723069299	0.7205469723069299	
435	-63.80993182528861	-0.18987156343348957	-0.18987156343348957	
436	-734.0585741480014	0.30276333166166713	0.30276333166166713	
437	-14.473066521972582	-0.9902225890657163	-0.9902225890657163	
438	571.1383241630602	-0.7309592238388529	-0.7309592238388529	
439	49.2838491625709	-0.8638315532350906	-0.8638315532350906	
440	22.2531164987221	-0.0791672254541588	-0.0791672254541588	
441	-166.79689084308814	-0.9634510963271995	-0.9634510963271995	
442	322.4729026738606	0.8859111807351334	0.8859111807351334	
443	88.2022507368205	0.9989620211583683	0.9989620211583683	
444	-98.45026014638732	0.1180462974542914	0.1180462974542914	
445	104.95424067248548	0.11439584290180468	0.11439584290180468	
446	-606.6722401852302	-0.9270583584025742	-0.9270583584025742	
447	-8.369199204771151	0.15706542548459776	0.15706542548459776	
448	57.77841674856985	0.17375663091606292	0.17375663091606292	
449	61.77252616520138	-0.7539327511227896	-0.7539327511227896	
450	120.09939637108766	0.2812291589941884	0.2812291589941884	
451	383.2950880794622	-0.6550498232512465	-0.6550498232512465	
452	94.29450012628453	0.9134197215754765	0.9134197215754765	
453	-5.375906907275104	0.9949184800601011	0.9949184800601011	
454	334.2671561785311	-0.7316347815225899	-0.7316347815225899	
455	14.26299775800706	-0.21427665851338837	-0.21427665851338837	
456	-60.227374974682284	0.05277727605892051	0.05277727605892051	
457	20.292616272233627	0.5607910562056613	0.5607910562056613	
458	335.48393296112914	0.7750259536735957	0.7750259536735957	
459	249.65027859577532	0.4969356319607203	0.4969356319607203	
460	-3.813162430843696	-0.9838865139189749	-0.9838865139189749	
461	30.869435427251666	-0.9649767759828551	-0.9649767759828551	
462	315.127387061681	0.761347788276329	0.761347788276329	
463	128.820761852176	0.8724898920763209	0.8724898920763209	
464	150.551771585902	-0.6459909198384957	-0.6459909198384957	
465	17.043205859945843	0.016608571881132312	0.016608571881132312	
466	55.74645631244169	0.03508268408069596	0.03508268408069596	
467	43.06654082279422	-0.09674363915365829	-0.09674363915365829	
468	-121.84993312157115	-0.9876017604139548	-0.9876017604139548	
469	247.37595901948296	-0.29091685785167787	-0.29091685785167787	
470	-5.0464831396755185	-0.5424449976896525	-0.5424449976896525	
471	-31.383440184814265	0.6982530267474556	0.6982530267474556	
472	-8.459727346933425	0.9943386867798858	0.9943386867798858	
473	43.07460403657812	-0.9944766654373476	-0.9944766654373476	
474	213.34827547753432	-0.6791961717031276	-0.6791961717031276	
475	104.24091544651871	-0.8054581189177581	-0.8054581189177581	
476	28.986848635573466	-0.6693819592275781	-0.6693819592275781	
477	7.7042326163232	0.48529918658319315	0.48529918658319315	
478	-15.522375547412077	0.6478687447216661	0.6478687447216661	
479	126.31357947964153	0.8106232245479827	0.8106232245479827	
480	49.211168276917505	-0.226352854576856	-0.226352854576856	
481	-123.65505624020307	0.6161488526926041	0.6161488526926041	
482	125.8244168354891	0.5931857544677263	0.5931857544677263	
483	-44.54863519304893	0.12215004366914971	0.12215004366914971	
484	-70.34477536830079	-0.11213443314713688	-0.11213443314713688	
485	765.439957746603	-0.057122169764195645	-0.057122169764195645	
486	35.631305714185785	-0.5154463621643953	-0.5154463621643953	
487	-8.650018134974724	-0.30708873540826315	-0.30708873540826315	
488	-19.37888378624344	-0.8080929352331269	-0.8080929352331269	
489	-134.58503909725073	0.14509829444464734	0.14509829444464734	
490	208.63455161160172	-0.8813537289885547	-0.8813537289885547	
491	18.929145616804053	0.623283155993557	0.623283155993557	
492	-384.8190511046703	-0.14281937849113685	-0.14281937849113685	
493	160.87868493987403	0.2007295801720626	0.2007295801720626	
494	-28.005666789536555	0.8260150968471546	0.8260150968471546	
495	-2.7736856496668683	0.45889085015684283	0.45889085015684283	
496	192.26816940760392	0.9386605937609123	0.9386605937609123	
497	-291.8242221881786	-0.8605680222937595	-0.8605680222937595	
498	6.42005224393204	-0.19832801805447448	-0.19832801805447448	
499	-4.9889604894588455	-0.9652580035700369	-0.9652580035700369	
