InstanceID	EndpointPrediction	BestPrediction	TrueEndpoint	
0	1.7593528075295959	0.3741115185067449	0.3741115185067449	
1	7.4856797350385005	-0.19398407208434906	-0.19398407208434906	
2	-1.0886144585791293	-0.9459989355770534	-0.9459989355770534	
3	18.577084633251097	-0.8425533206480176	-0.8425533206480176	
4	-6.70252851857902	-0.9576393544271444	-0.9576393544271444	
5	12.902451411375575	-0.7204240369861331	-0.7204240369861331	
6	9.191497618147665	-0.656987260102745	-0.656987260102745	
7	-3.078036544424225	0.005716052705271177	0.005716052705271177	
8	4.2349749432816095	-0.9674286908533132	-0.9674286908533132	
9	4.246126711458715	0.771595328928812	0.771595328928812	
10	0.4813702677003882	0.9993061089290196	0.9993061089290196	
11	9.058635151509911	0.0578528744131831	0.0578528744131831	
12	16.670867490427664	-0.052026288714887854	-0.052026288714887854	
13	8.601479998412195	-0.9090291384600941	-0.9090291384600941	
14	0.658317066593012	-0.44164614664352236	-0.44164614664352236	
15	1.1362253250921073	0.17714395048276455	0.17714395048276455	
16	14.605077728939415	0.997862577121873	0.997862577121873	
17	7.699161673796066	0.16405002990725975	0.16405002990725975	
18	1.3170177666745284	-0.9202791417082488	-0.9202791417082488	
19	-1.7658417025308977	0.022802480789380485	0.022802480789380485	
20	-2.3419665394598725	0.9086752854601919	0.9086752854601919	
21	9.035599923560898	0.9257183265456754	0.9257183265456754	
22	-1.0420047714961436	0.6144974825274871	0.6144974825274871	
23	-5.749674415071474	-0.2310370996116566	-0.2310370996116566	
24	3.4475059790923277	-0.7580600609215833	-0.7580600609215833	
25	7.062947763111351	-0.2924996382612873	-0.2924996382612873	
26	5.707751627193275	0.9995029749817287	0.9995029749817287	
27	8.088905183477863	-0.37105700039165546	-0.37105700039165546	
28	8.598864493237986	0.8887646495756547	0.8887646495756547	
29	7.202581259466851	0.04220712481115207	0.04220712481115207	
30	-3.29368801055254	0.9609093253926906	0.9609093253926906	
31	0.14936294806108213	-0.18191070816129995	-0.18191070816129995	
32	-4.957486192958926	0.8302258129285628	0.8302258129285628	
33	0.8275367776541896	0.4831130184700452	0.4831130184700452	
34	2.2667359681696673	0.8758696462732947	0.8758696462732947	
35	3.8731618021893564	0.17645010453803722	0.17645010453803722	
36	-10.091262359458662	0.9491583866457081	0.9491583866457081	
37	-4.2378025217766115	-0.38510500516360385	-0.38510500516360385	
38	0.6846848204726088	-0.8596673033358617	-0.8596673033358617	
39	5.898049598381787	0.8914438881780332	0.8914438881780332	
40	6.444939283839431	0.6466095848549214	0.6466095848549214	
41	15.437876760177467	0.7834307048890986	0.7834307048890986	
42	15.77991706008292	-0.9339784474520612	-0.9339784474520612	
43	-6.668266312128621	0.2478665421727523	0.2478665421727523	
44	1.377009628440711	0.9417368878056324	0.9417368878056324	
45	1.5161615754548208	0.9356065609790689	0.9356065609790689	
46	-0.7552275840353828	-0.7394980612542414	-0.7394980612542414	
47	0.7099973653420938	0.9441045997503502	0.9441045997503502	
48	3.0110443185981657	-0.9963075026376663	-0.9963075026376663	
49	4.167189412450643	0.33053470196685614	0.33053470196685614	
50	3.039788642639429	-0.99674035587407	-0.99674035587407	
51	8.985616563303736	0.6127559442438324	0.6127559442438324	
52	5.200709783402787	-0.8953281000942521	-0.8953281000942521	
53	3.046224780475542	0.25781865991047936	0.25781865991047936	
54	-2.666432434621735	-0.9749056256428769	-0.9749056256428769	
55	5.533124001202174	0.9498231043377192	0.9498231043377192	
56	1.4004698962833795	-0.19985995832176745	-0.19985995832176745	
57	3.444020586145041	-0.24278432520686186	-0.24278432520686186	
58	2.4317012926404287	-0.9996608405492164	-0.9996608405492164	
59	2.513943783402055	0.9401834104232647	0.9401834104232647	
60	-7.156114263612503	0.2919021070832105	0.2919021070832105	
61	-2.55566736042549	0.8802041870733011	0.8802041870733011	
62	2.7775647302965973	-0.7291769941248403	-0.7291769941248403	
63	4.309539559598293	-0.16257839454068834	-0.16257839454068834	
64	8.36684404082126	0.4208887683779496	0.4208887683779496	
65	6.7302060437098445	-0.2617615418766672	-0.2617615418766672	
66	0.34706641703105334	0.47287713913208557	0.47287713913208557	
67	10.46498132179518	-0.20819901841708455	-0.20819901841708455	
68	-8.639350921427445	-0.07724388968390687	-0.07724388968390687	
69	5.884889398276518	-0.431269457825776	-0.431269457825776	
70	-32.59888618455622	-0.9595367069487685	-0.9595367069487685	
71	-4.506725499540044	-0.9658415185299186	-0.9658415185299186	
72	7.426556921398662	0.9514501265380017	0.9514501265380017	
73	4.1198699542875765	-0.2367558547777184	-0.2367558547777184	
74	6.105679830617919	-0.33938812017398534	-0.33938812017398534	
75	10.300663444734992	-0.3480603805116681	-0.3480603805116681	
76	4.161615352131546	-0.07383275853905111	-0.07383275853905111	
77	6.178038116717956	0.7934612005175931	0.7934612005175931	
78	14.086501681291711	0.8042103608540063	0.8042103608540063	
79	-8.193235779474428	-0.8371540273393006	-0.8371540273393006	
80	1.549839443084288	-0.6951836655086573	-0.6951836655086573	
81	9.608078878007879	0.09219240138079741	0.09219240138079741	
82	1.6134632152097967	-0.9791459028070075	-0.9791459028070075	
83	8.21684785632856	-0.9975724900909095	-0.9975724900909095	
84	-2.6618445968916484	-0.030941501827325107	-0.030941501827325107	
85	3.4395009112867627	-0.9946821457878394	-0.9946821457878394	
86	1.3318162326310445	0.6997818444793118	0.6997818444793118	
87	0.5023863915980378	0.8641331777185439	0.8641331777185439	
88	7.017868847029004	0.7286375975170811	0.7286375975170811	
89	3.878315557660555	0.607706991590627	0.607706991590627	
90	6.521714352532404	0.31333744400494523	0.31333744400494523	
91	3.0193218116506775	-0.8423412932887014	-0.8423412932887014	
92	7.826446324196526	0.8501819950240778	0.8501819950240778	
93	-3.8212961540182135	0.9823790086266405	0.9823790086266405	
94	8.296093125934856	-0.4652702736323101	-0.4652702736323101	
95	6.018495344719054	0.3073262330373043	0.3073262330373043	
96	-4.648859941407022	0.8675507373383982	0.8675507373383982	
97	14.029808597541624	0.09397506769663756	0.09397506769663756	
98	-7.126279591254825	0.6493947101796824	0.6493947101796824	
99	-0.22375338424462268	-0.3242962595989166	-0.3242962595989166	
100	6.856917186784221	-0.9643012968513199	-0.9643012968513199	
101	12.25158011808048	0.8429395672422735	0.8429395672422735	
102	-2.5468172616902973	0.44619703647628234	0.44619703647628234	
103	5.731647402024643	-0.9642960703943995	-0.9642960703943995	
104	2.1770476530364395	0.2362113647863805	0.2362113647863805	
105	-10.673754249366619	0.6689982001586701	0.6689982001586701	
106	-0.9413589903277174	-0.13023987459660016	-0.13023987459660016	
107	16.356798777628676	-0.7802203885158857	-0.7802203885158857	
108	-2.234530210819252	-0.8971051598331892	-0.8971051598331892	
109	8.811216931717084	0.7061809642386836	0.7061809642386836	
110	-0.7316543764069917	0.5476141432855224	0.5476141432855224	
111	11.82442226599818	0.9237709667289149	0.9237709667289149	
112	9.421721356735288	0.9770357664617431	0.9770357664617431	
113	0.0011821673561665334	0.7964167520538048	0.7964167520538048	
114	6.482586368058052	0.8942476959538043	0.8942476959538043	
115	8.259169315903216	-0.9459746062386309	-0.9459746062386309	
116	10.784182359478125	0.3836806807841602	0.3836806807841602	
117	6.800566592295982	0.8398946318442163	0.8398946318442163	
118	-0.19314677623028453	-0.6442899345755648	-0.6442899345755648	
119	18.384971419557747	0.6440258941457395	0.6440258941457395	
120	11.01067270350932	-0.1710592027478212	-0.1710592027478212	
121	6.592266101462892	-0.39709520661739445	-0.39709520661739445	
122	0.40836154137032177	-0.11942615729642067	-0.11942615729642067	
123	13.500908335100737	0.5140096261914208	0.5140096261914208	
124	0.1486151567748579	-0.19804051156552455	-0.19804051156552455	
125	3.5510777878596773	0.8944147336375845	0.8944147336375845	
126	-0.39582933633757683	0.583938258433954	0.583938258433954	
127	9.500668866689011	-0.878837468821841	-0.878837468821841	
128	3.3290096668386377	0.9626993580124644	0.9626993580124644	
129	4.851582644449956	-0.13324861632074267	-0.13324861632074267	
130	0.5730487918744436	-0.9549729656182259	-0.9549729656182259	
131	-0.9241942628177875	-0.37884010820818287	-0.37884010820818287	
132	-1.6982390268819285	-0.05951234880317009	-0.05951234880317009	
133	-6.649869890751621	-0.7312568438723914	-0.7312568438723914	
134	10.97466855745653	-0.30204243183407037	-0.30204243183407037	
135	-0.3211484587717405	-0.5534470387786355	-0.5534470387786355	
136	-6.814117097775793	-0.7437087537266811	-0.7437087537266811	
137	7.3274124969462395	0.3605151237613201	0.3605151237613201	
138	9.006366287011964	0.5169463650209798	0.5169463650209798	
139	9.229375391408345	0.07000446262404775	0.07000446262404775	
140	-0.6768648078178291	0.9529431604406488	0.9529431604406488	
141	6.390165819430311	0.9648230102700281	0.9648230102700281	
142	0.8457941221690362	-0.06625748696220923	-0.06625748696220923	
143	8.14799588781512	0.18357268712161592	0.18357268712161592	
144	-1.588439922565874	0.999822875697244	0.999822875697244	
145	8.123570041032748	0.9634926407974427	0.9634926407974427	
146	3.619716279904227	-0.7923718513068195	-0.7923718513068195	
147	11.517650921294676	-0.9794275251294842	-0.9794275251294842	
148	3.3459646250049184	-0.6223487209396676	-0.6223487209396676	
149	12.44652953050451	-0.7292583708265827	-0.7292583708265827	
150	8.259192457861987	0.8173495496642439	0.8173495496642439	
151	3.2228706759394905	0.6227796844229614	0.6227796844229614	
152	9.170328864088898	0.7225567062944913	0.7225567062944913	
153	2.684481853525094	-0.8960690484888602	-0.8960690484888602	
154	-3.456256444445766	-0.8227564414416662	-0.8227564414416662	
155	3.452950732441624	-0.8883914493496634	-0.8883914493496634	
156	-0.24312995878034363	0.5249815843205861	0.5249815843205861	
157	0.8544777758073551	-0.6939446367133787	-0.6939446367133787	
158	8.817816156667659	0.4658166540936483	0.4658166540936483	
159	-2.1150332670633816	-0.9742922837098228	-0.9742922837098228	
160	-2.4438157996953342	-0.9144912183633134	-0.9144912183633134	
161	-2.2587786189582766	0.3055156390124748	0.3055156390124748	
162	4.42800568924678	0.8543675896304798	0.8543675896304798	
163	5.280622942179802	-0.4499443517979806	-0.4499443517979806	
164	4.281841626854951	0.9884802107524153	0.9884802107524153	
165	5.780011127716426	-0.8450387260668132	-0.8450387260668132	
166	-1.8760695388416484	-0.9996360451397509	-0.9996360451397509	
167	3.3378117014548567	0.42957758445209066	0.42957758445209066	
168	-5.812163693244934	-0.7537348338723344	-0.7537348338723344	
169	-2.3867333094772527	-0.09974830017487481	-0.09974830017487481	
170	4.773158707955942	-0.8986594878716356	-0.8986594878716356	
171	12.021808203741763	0.7328790547575794	0.7328790547575794	
172	6.141773602246351	-0.8346425691288385	-0.8346425691288385	
173	-3.5093985976814706	-0.9918887311721436	-0.9918887311721436	
174	-1.3054540760370934	0.12989547504030224	0.12989547504030224	
175	-7.45917197589865	-0.5753906705113353	-0.5753906705113353	
176	1.4007110514890713	-0.982102734865556	-0.982102734865556	
177	3.652248282160216	-0.988850751683415	-0.988850751683415	
178	1.3943225150482337	-0.9997796925412761	-0.9997796925412761	
179	7.29188043762314	-0.6371464835594588	-0.6371464835594588	
180	2.831467846073958	-0.18707043387866212	-0.18707043387866212	
181	13.96806846390986	0.80856474873765	0.80856474873765	
182	9.462319191980848	0.8207975828131989	0.8207975828131989	
183	0.259124105129132	0.3300237183682181	0.3300237183682181	
184	4.309131010234187	0.07010831243063555	0.07010831243063555	
185	-2.0172835135828975	-0.4610700047268266	-0.4610700047268266	
186	12.780201235929345	0.8786161678829316	0.8786161678829316	
187	-0.816032749368218	-0.9250322701483129	-0.9250322701483129	
188	0.5836967774260979	0.659703334251374	0.659703334251374	
189	4.479576576534062	0.09683695662122022	0.09683695662122022	
190	4.430252890629411	-0.9985228683027155	-0.9985228683027155	
191	2.8495587948814918	0.8369699275182942	0.8369699275182942	
192	14.606127314245862	0.8759292149063185	0.8759292149063185	
193	11.842840552546354	-0.12437627941392294	-0.12437627941392294	
194	-8.265238986518158	0.864553834980977	0.864553834980977	
195	7.650717835522396	-0.41982243895706767	-0.41982243895706767	
196	1.9047949821208123	-0.9968105054775306	-0.9968105054775306	
197	2.3938177776074197	0.8184465638903843	0.8184465638903843	
198	-2.5875720268931683	-0.09566939578108213	-0.09566939578108213	
199	-2.6501101493243624	-0.4162505229552103	-0.4162505229552103	
200	9.608629936255687	0.865421970556775	0.865421970556775	
201	0.28450712890485935	-0.09198676189445713	-0.09198676189445713	
202	2.2939961583516157	-0.45368617262808353	-0.45368617262808353	
203	9.05939117258896	-0.09166278944586113	-0.09166278944586113	
204	15.174659731152671	0.7160818898481328	0.7160818898481328	
205	0.20426283360441932	0.9055711528758582	0.9055711528758582	
206	5.436138644735442	-0.3395948876547869	-0.3395948876547869	
207	1.7550460083972832	-0.24354925930472157	-0.24354925930472157	
208	5.34273463681421	-0.7784991146270027	-0.7784991146270027	
209	2.4143200394961246	-0.5845474801426535	-0.5845474801426535	
210	2.0559724766270415	-0.05602532814368738	-0.05602532814368738	
211	4.332752646084196	0.962708644884347	0.962708644884347	
212	3.0974272358165362	0.4609732647681733	0.4609732647681733	
213	6.8550431220750125	0.9947104706061837	0.9947104706061837	
214	12.694387354178962	0.9890574860932677	0.9890574860932677	
215	4.109730495117397	-0.9477036819592384	-0.9477036819592384	
216	14.681240502651223	0.36024144598954433	0.36024144598954433	
217	9.586968027818083	0.8020401533563603	0.8020401533563603	
218	7.407445069179982	-0.3947150213775889	-0.3947150213775889	
219	17.194531725814034	-0.7629160531618908	-0.7629160531618908	
220	0.14497852600747183	-0.7991058956866272	-0.7991058956866272	
221	-0.2764896206656112	-0.5647181450194139	-0.5647181450194139	
222	4.162170170099454	0.48791385458683145	0.48791385458683145	
223	-0.00935789186418258	-0.9849237656592628	-0.9849237656592628	
224	-1.5370525790897862	0.5804470726183313	0.5804470726183313	
225	0.7051651715908229	0.9898445643383157	0.9898445643383157	
226	1.724431342200692	-0.5773854203037949	-0.5773854203037949	
227	11.738925223095864	0.3648313106386552	0.3648313106386552	
228	0.48132363172238823	-0.4959416071660574	-0.4959416071660574	
229	8.605896276422902	-0.9363648375744998	-0.9363648375744998	
230	5.361790050697872	0.9999997060208328	0.9999997060208328	
231	7.584604013773666	0.9902973068191274	0.9902973068191274	
232	-3.5700317441588374	-0.9760047752592806	-0.9760047752592806	
233	4.213395957035207	0.3368323783145283	0.3368323783145283	
234	2.4049966647895635	0.29891312487619287	0.29891312487619287	
235	6.1909332800553685	0.9815182110105148	0.9815182110105148	
236	-5.195322001124606	-0.998719575222543	-0.998719575222543	
237	13.933651840092525	-0.6561912984370614	-0.6561912984370614	
238	9.336843455339718	0.9735949072226894	0.9735949072226894	
239	4.96440779617956	-0.16043627408079308	-0.16043627408079308	
240	9.952874857969352	0.8253912394446815	0.8253912394446815	
241	13.145411363109922	0.9999184343873377	0.9999184343873377	
242	1.782558308812301	0.6741818438887813	0.6741818438887813	
243	16.79335591487781	0.8071446206833757	0.8071446206833757	
244	10.844393459258841	0.8227563181229155	0.8227563181229155	
245	-0.4066702482415476	-0.6545933449067939	-0.6545933449067939	
246	3.9239190706837834	0.9584474375474729	0.9584474375474729	
247	-1.2242924211858344	-0.5762607629971738	-0.5762607629971738	
248	-1.802462508870191	-0.5934420682260166	-0.5934420682260166	
249	0.262903705800103	-0.2673712309275255	-0.2673712309275255	
250	10.265122752902895	-0.8210774017223563	-0.8210774017223563	
251	3.9632396641767964	-0.9994740835225037	-0.9994740835225037	
252	-0.3007749269418653	0.798380854790318	0.798380854790318	
253	13.288427409349849	-0.2094085910374417	-0.2094085910374417	
254	-0.6815992130261955	-0.7100638301603432	-0.7100638301603432	
255	-4.683310486370181	-0.7466669455062047	-0.7466669455062047	
256	6.022330257199551	0.9996789405404654	0.9996789405404654	
257	11.69864585215757	-0.27637118830566654	-0.27637118830566654	
258	3.537612928472177	-0.35824014694090567	-0.35824014694090567	
259	3.4282153758825293	-0.9628414657185324	-0.9628414657185324	
260	-2.4261912858988413	-0.8812657535330485	-0.8812657535330485	
261	0.056660951244286314	-0.5722832089973716	-0.5722832089973716	
262	11.70546256912661	-0.8979753418639097	-0.8979753418639097	
263	3.7888979108356775	-0.14168729564405375	-0.14168729564405375	
264	6.130492093230691	0.07916528830935422	0.07916528830935422	
265	-1.536303434124139	0.34434533562796477	0.34434533562796477	
266	7.482870784352842	0.559955319502802	0.559955319502802	
267	10.532048084424881	-0.2126961944215921	-0.2126961944215921	
268	11.528397531430473	0.8285831425152648	0.8285831425152648	
269	3.4852632531157712	-0.7196650491903595	-0.7196650491903595	
270	1.9152986050913203	0.7155837849574298	0.7155837849574298	
271	4.441484974560155	-0.8894334096570831	-0.8894334096570831	
272	14.483130597556414	0.23283836050244427	0.23283836050244427	
273	-4.789551537369063	0.6296490513880355	0.6296490513880355	
274	4.212889512261015	-0.25056589220322484	-0.25056589220322484	
275	6.821453172224337	-0.9906656905969579	-0.9906656905969579	
276	3.8411364577600478	0.6899295631376677	0.6899295631376677	
277	-6.02772290913288	0.677627268274695	0.677627268274695	
278	-0.5523538593936996	-0.3148598342975979	-0.3148598342975979	
279	8.912860796172213	0.27181148750292083	0.27181148750292083	
280	4.038910378119396	-0.445086646533435	-0.445086646533435	
281	-2.9869425291860443	0.30069351614854606	0.30069351614854606	
282	-4.828589331142694	0.8238624490944031	0.8238624490944031	
283	-0.6352655077990604	-0.16730796982612192	-0.16730796982612192	
284	7.042160424369009	0.9963102849047096	0.9963102849047096	
285	4.407351911268513	0.6054968802214027	0.6054968802214027	
286	-1.723277160133484	0.8929904241337046	0.8929904241337046	
287	2.453431523226681	-0.9182141104155576	-0.9182141104155576	
288	-0.6324448117980592	0.6328907221362291	0.6328907221362291	
289	-8.03959579887969	0.42532482360370416	0.42532482360370416	
290	-0.01799895458454533	0.3683842019758399	0.3683842019758399	
291	4.611425923538485	-0.9701396711588826	-0.9701396711588826	
292	4.505913877383102	-0.999552004902484	-0.999552004902484	
293	11.810026439600724	-0.9320934911895266	-0.9320934911895266	
294	6.593457127231859	0.38818959112789975	0.38818959112789975	
295	6.749836191257085	0.9992726906285793	0.9992726906285793	
296	-0.3489793583610061	-0.26589397397436265	-0.26589397397436265	
297	5.026017043726318	-0.639330756802411	-0.639330756802411	
298	5.331681187011096	-0.9692194451608558	-0.9692194451608558	
299	-0.9222739668796994	-0.9999998303084386	-0.9999998303084386	
300	-5.7143040349919625	0.03396693678041086	0.03396693678041086	
301	6.974607071848304	0.8090179052935593	0.8090179052935593	
302	5.248705786111784	0.4821501049455191	0.4821501049455191	
303	-1.3469496390594935	0.45906111534764177	0.45906111534764177	
304	6.270518754681296	0.5323714890249562	0.5323714890249562	
305	1.8027747475230411	-0.9894207473284142	-0.9894207473284142	
306	-3.750451683668568	0.778218300572531	0.778218300572531	
307	0.7920248884939958	0.7645685754805785	0.7645685754805785	
308	-2.1070296996084155	0.9598963026411687	0.9598963026411687	
309	1.5561350728480834	0.20518920868131926	0.20518920868131926	
310	2.516735635455843	-0.5481396869336348	-0.5481396869336348	
311	2.0389196023001777	0.5474570092149414	0.5474570092149414	
312	5.055849876557833	-0.8935726990333472	-0.8935726990333472	
313	-3.520787436537143	-0.389435932008644	-0.389435932008644	
314	-2.1786481882504565	-0.997598260595236	-0.997598260595236	
315	-1.779114212542028	-0.550330419311045	-0.550330419311045	
316	-7.22536249427674	0.4227195921384395	0.4227195921384395	
317	-5.867239164962603	0.07838600830678999	0.07838600830678999	
318	-1.1928046023101135	-0.8896377786313973	-0.8896377786313973	
319	-2.2249336734667384	-0.6568908520910545	-0.6568908520910545	
320	-0.3423643909508782	-0.7067256756569563	-0.7067256756569563	
321	-7.644197323423649	0.9870096926909498	0.9870096926909498	
322	4.347011043857844	-0.05614436407676481	-0.05614436407676481	
323	-4.817311484477921	-0.5684977143008925	-0.5684977143008925	
324	5.500012436235762	0.5394351704360493	0.5394351704360493	
325	-4.556549586457095	0.9296525517610172	0.9296525517610172	
326	2.4505592375344305	-0.10852435170007974	-0.10852435170007974	
327	1.0439728947505178	0.2760806656319789	0.2760806656319789	
328	7.764222208395768	-0.1665406766802328	-0.1665406766802328	
329	7.684163958420636	-0.8024244609719476	-0.8024244609719476	
330	7.408310557100868	0.8953305629603936	0.8953305629603936	
331	3.9966113477490057	0.41833003482185915	0.41833003482185915	
332	3.4638404249147374	0.48763822255362405	0.48763822255362405	
333	5.056466264978712	-0.6210834116486815	-0.6210834116486815	
334	-7.798893043890078	-0.9993261007878467	-0.9993261007878467	
335	5.88544390128697	0.015745287759414445	0.015745287759414445	
336	-1.9876751528069967	-0.4974958984834264	-0.4974958984834264	
337	8.878121539682578	-0.07442429429804986	-0.07442429429804986	
338	7.1254475236445405	-0.9181738095986911	-0.9181738095986911	
339	-4.52472327546287	0.6579498390104727	0.6579498390104727	
340	8.885803331301714	-0.7915530476441154	-0.7915530476441154	
341	10.131925352193912	0.8943919789223452	0.8943919789223452	
342	1.512478863590281	-0.3303078573468258	-0.3303078573468258	
343	12.463883256485754	-0.8488784769750053	-0.8488784769750053	
344	3.579391872400055	-0.9862622265992533	-0.9862622265992533	
345	3.073392438049932	-0.9998793719886356	-0.9998793719886356	
346	-4.657336328805756	-0.5634229691878727	-0.5634229691878727	
347	4.547444352496593	-0.8832336681335374	-0.8832336681335374	
348	-4.769021038585953	-0.9980565003933655	-0.9980565003933655	
349	4.448412248171615	0.1899659611488065	0.1899659611488065	
350	3.6364353713030613	-0.43852403210456603	-0.43852403210456603	
351	6.659984958602749	0.931861842374174	0.931861842374174	
352	0.21990338058282854	-0.2394876865418194	-0.2394876865418194	
353	4.68388367527872	-0.907507310471124	-0.907507310471124	
354	-4.220219481025893	-0.7582667087935918	-0.7582667087935918	
355	-4.6302238167695355	-0.9517522186502415	-0.9517522186502415	
356	15.980076476187577	0.3129924926536815	0.3129924926536815	
357	-3.1634969779470983	0.714195539375595	0.714195539375595	
358	-3.4283807020391874	-0.9923403366965989	-0.9923403366965989	
359	-2.972352534266476	0.45465372745347293	0.45465372745347293	
360	7.300018827702684	0.8444016675054522	0.8444016675054522	
361	6.003584617524284	-0.9812253216460112	-0.9812253216460112	
362	11.265672473430252	0.918403325974442	0.918403325974442	
363	12.063469102523596	-0.9963561528609652	-0.9963561528609652	
364	7.185940745762397	0.5790892127307234	0.5790892127307234	
365	-1.3540096283605119	-0.9985836055777294	-0.9985836055777294	
366	8.489878265351686	0.28163576031361126	0.28163576031361126	
367	10.505294696783094	0.2083354820087364	0.2083354820087364	
368	11.769385963994019	0.9940263015490102	0.9940263015490102	
369	1.0791323398990516	0.4358238027296358	0.4358238027296358	
370	-1.1233141519221972	-0.7870955013192358	-0.7870955013192358	
371	-1.2909914209023698	0.8543132597325946	0.8543132597325946	
372	-2.107963700010182	-0.8527787121378951	-0.8527787121378951	
373	11.651690236110296	-0.4844881398608933	-0.4844881398608933	
374	8.36597896488318	-0.868100772037836	-0.868100772037836	
375	14.78512722877199	-0.5240152406571235	-0.5240152406571235	
376	1.769064386997232	0.10978464606743464	0.10978464606743464	
377	0.5217714102575157	-0.9138690950223537	-0.9138690950223537	
378	11.726419228812885	-0.3529356142133645	-0.3529356142133645	
379	10.24810044787272	0.8399571093916198	0.8399571093916198	
380	7.744700660500351	0.9999989978549343	0.9999989978549343	
381	8.692096897485017	-0.5144094225319694	-0.5144094225319694	
382	2.292700532774683	-0.9295973661043357	-0.9295973661043357	
383	-6.316684666373631	-0.7810103330366396	-0.7810103330366396	
384	-2.5799818808069954	0.9905205978123249	0.9905205978123249	
385	-1.4997293314354914	-0.49816156274882795	-0.49816156274882795	
386	-4.037109185112897	-0.7200688128169122	-0.7200688128169122	
387	1.7515670367144687	-0.4462575764151175	-0.4462575764151175	
388	-0.48928911429608996	-0.7470849465027734	-0.7470849465027734	
389	6.358048631254397	-0.5193937686319662	-0.5193937686319662	
390	10.404143035614158	-0.7314084714790804	-0.7314084714790804	
391	4.353580739093185	-0.7087740850321391	-0.7087740850321391	
392	6.679284933278354	0.9136790376701043	0.9136790376701043	
393	2.9254706209989263	0.9398304536156395	0.9398304536156395	
394	4.426953700808343	0.9784501067351546	0.9784501067351546	
395	9.532993140067056	0.37766244941289817	0.37766244941289817	
396	10.126973717525141	-0.43590033848922305	-0.43590033848922305	
397	-5.40094239717749	0.9707420480126029	0.9707420480126029	
398	4.299743763237474	0.9076773571604276	0.9076773571604276	
399	1.1652249760855427	0.7603350617837245	0.7603350617837245	
400	4.048933057203498	-0.40482496232254833	-0.40482496232254833	
401	13.186057926529525	0.9311703052309033	0.9311703052309033	
402	8.116716406769433	-0.9202882461671058	-0.9202882461671058	
403	2.512221754976434	-0.8091640589961251	-0.8091640589961251	
404	-1.1063583779372568	-0.17044539032012693	-0.17044539032012693	
405	7.158814034612952	0.44348016763599324	0.44348016763599324	
406	8.085076350396474	-0.7177455968994356	-0.7177455968994356	
407	1.657967985245101	0.3473785447840013	0.3473785447840013	
408	6.596764791205981	0.6643298958971628	0.6643298958971628	
409	0.14906174668091585	0.4811171058649112	0.4811171058649112	
410	-5.3048859521998235	0.3472194507203056	0.3472194507203056	
411	1.613074070292327	0.27615193648190856	0.27615193648190856	
412	-1.4225942137886776	-0.5935897659505234	-0.5935897659505234	
413	1.4038330061781537	0.7062579406116467	0.7062579406116467	
414	2.5155951332999202	0.3162584954374538	0.3162584954374538	
415	-0.785834782942552	-0.564450775451978	-0.564450775451978	
416	-0.39218650907392866	-0.6080293218081941	-0.6080293218081941	
417	4.725305463364404	0.09045181331073551	0.09045181331073551	
418	5.097497672073434	0.1401340508114554	0.1401340508114554	
419	-4.844832457391122	-0.3352705776592602	-0.3352705776592602	
420	9.382057400999532	0.634101607881435	0.634101607881435	
421	-3.039654751404389	-0.041795365112657974	-0.041795365112657974	
422	-7.90182242909346	-0.1412311802061498	-0.1412311802061498	
423	-0.4715260331568875	0.7530201728820669	0.7530201728820669	
424	6.499815296329062	-0.8243776522226464	-0.8243776522226464	
425	9.154346467947061	0.6045120202494625	0.6045120202494625	
426	11.101520283009569	-0.19740785358717713	-0.19740785358717713	
427	12.709794284595326	0.897279742894739	0.897279742894739	
428	7.085815994253191	-0.9838737818996156	-0.9838737818996156	
429	0.7260997036815752	-0.21212783454004405	-0.21212783454004405	
430	6.4790778268495615	-0.5477265221719236	-0.5477265221719236	
431	-0.022183414958029987	-0.412654476545285	-0.412654476545285	
432	4.943062308858445	0.056939895808217025	0.056939895808217025	
433	1.2781145293002372	0.2876528629536398	0.2876528629536398	
434	-7.101462099534416	0.6147502146301584	0.6147502146301584	
435	12.205705960373034	-0.9990121831380295	-0.9990121831380295	
436	-1.3852397688545077	-0.9459143124955061	-0.9459143124955061	
437	1.3512006394610352	0.09613367927576771	0.09613367927576771	
438	-4.770451368391442	-0.48519782911113735	-0.48519782911113735	
439	8.556191373559303	0.9479615546560145	0.9479615546560145	
440	7.957382701142207	-0.9482018259142259	-0.9482018259142259	
441	12.128328962564257	0.8590921168034839	0.8590921168034839	
442	4.597250210937113	0.7305514343580211	0.7305514343580211	
443	-0.19196067341522213	-0.5468050733159099	-0.5468050733159099	
444	5.320033402036436	-0.39922205746072137	-0.39922205746072137	
445	0.23202008753239042	0.6346690827027957	0.6346690827027957	
446	7.568721261058049	0.9675877516580472	0.9675877516580472	
447	8.536861766463982	0.8406558284614778	0.8406558284614778	
448	-0.48798364044369436	0.04711139395765239	0.04711139395765239	
449	-7.455170764836209	0.07117343589727712	0.07117343589727712	
450	7.397511921056349	-0.1029103251121657	-0.1029103251121657	
451	-7.51743671673805	0.5879676297796694	0.5879676297796694	
452	0.13799199171893026	-0.44747047146498486	-0.44747047146498486	
453	-2.7848425299926713	-0.99903118170466	-0.99903118170466	
454	-2.3524525082452823	-0.9747194793675983	-0.9747194793675983	
455	-2.892159958654791	0.9683176602809174	0.9683176602809174	
456	-5.7921603100771355	-0.7084580702921658	-0.7084580702921658	
457	5.870848937855497	0.6417871634015054	0.6417871634015054	
458	14.191847235561031	0.3920458340873575	0.3920458340873575	
459	-1.8764493449582633	0.2659179738022744	0.2659179738022744	
460	3.1781548985735477	0.8555683067359132	0.8555683067359132	
461	18.596152071399626	0.14385855101564335	0.14385855101564335	
462	1.290148972296913	-0.9822215396161973	-0.9822215396161973	
463	8.621224208803627	0.09341642060038667	0.09341642060038667	
464	13.01658490888302	-0.09534027261610145	-0.09534027261610145	
465	10.453867513423358	0.9825953433177328	0.9825953433177328	
466	12.705570672500759	0.9208602404769732	0.9208602404769732	
467	7.564527487401233	-0.5248054002836571	-0.5248054002836571	
468	8.171246774598222	0.946397802219162	0.946397802219162	
469	3.200534558610793	-0.9985599335856487	-0.9985599335856487	
470	12.184801941687503	0.9918102050209169	0.9918102050209169	
471	-1.1748778282624934	-0.9856271589847619	-0.9856271589847619	
472	9.720442467793744	-0.9980080217357855	-0.9980080217357855	
473	2.3403819254729767	-0.5992331145771385	-0.5992331145771385	
474	-3.6752863555723634	0.010901075790299938	0.010901075790299938	
475	-0.6448424162234792	-0.9982737069871626	-0.9982737069871626	
476	5.204614628308763	0.31898367981291414	0.31898367981291414	
477	9.65386868749766	0.722594264466806	0.722594264466806	
478	9.836150806339766	-0.5921932886127426	-0.5921932886127426	
479	7.17410806056053	0.9998034917767831	0.9998034917767831	
480	-5.863298470090209	0.9974117356690625	0.9974117356690625	
481	3.835287711426565	0.9976135298640979	0.9976135298640979	
482	-1.6393107630178656	-0.04023637106218995	-0.04023637106218995	
483	2.1112136157600743	0.9620193441857738	0.9620193441857738	
484	-3.135382153298691	0.17683281670388024	0.17683281670388024	
485	-3.0731519656566517	0.38151596949707706	0.38151596949707706	
486	4.2983173283844485	0.8326248545067756	0.8326248545067756	
487	1.1718287456610261	0.9206924396445038	0.9206924396445038	
488	-0.22077050692013048	0.9999253938772453	0.9999253938772453	
489	-7.793618943502154	-0.8959499193839598	-0.8959499193839598	
490	-1.945608637639387	0.350241748990077	0.350241748990077	
491	7.095019127356994	0.9983113007818762	0.9983113007818762	
492	3.554250669189317	0.8668501883938529	0.8668501883938529	
493	9.09851665830636	-0.9912042432448578	-0.9912042432448578	
494	3.2716049182178537	0.5538659974107975	0.5538659974107975	
495	-2.7423700645527367	-0.8511012283721349	-0.8511012283721349	
496	-4.395375107962491	0.2737314195936493	0.2737314195936493	
497	8.097774399965253	0.9062702321322672	0.9062702321322672	
498	-3.267897397847309	0.7698965845034579	0.7698965845034579	
499	10.611985240685053	-0.07908961610799096	-0.07908961610799096	
