InstanceID	EndpointPrediction	BestPrediction	TrueEndpoint	
0	45704633.74204271	2970517.686083202	207608.97028687072	
1	3166019561.9789777	69994203.11998822	99401039.50037411	
2	253951.62759144505	86953.94966799961	131.49919230001638	
3	-3094622032.895714	62089901.5882208	83334720.13275902	
4	-46343.18627455301	18671.473291848393	2.211670030155113	
5	-5535214.715572255	870382.3472989183	22594.58372412404	
6	-38416184.416402966	4417662.659650029	339773.65695226856	
7	41915.29808112979	7486.323839117854	3.5015938693339703	
8	1509197350.651038	39293403.18535398	31953079.50229804	
9	-1446221576.7177565	41537312.99049308	37354400.8343283	
10	140812959.2737542	10009975.663639937	2039584.5387117786	
11	2523124273.52355	62723557.01597549	77586269.59973785	
12	404016820.7090941	19091428.919287506	6239759.810703798	
13	2740691136.760735	58302045.86964439	64080051.902848974	
14	-79770891.93431006	5724738.587845874	763577.6320386706	
15	-39929388.518983595	3742719.998099995	357010.6448472872	
16	2923637381.2497425	68247320.2117523	95921810.55991325	
17	-438907273.47570986	17852678.54711109	5843658.9747429425	
18	-1222659903.3687425	37030815.73018245	29583578.825844117	
19	219264915.18588126	10525591.2931795	2347264.3020872455	
20	-68317.67221152154	336408.6602319788	1162.951236147156	
21	70280.09650935855	17651.50950335649	1.5931728519145407	
22	428781381.09243405	19710505.80832423	7374931.452753514	
23	-18275298.87701111	2681071.110148509	130172.55484012024	
24	-3593242623.2281404	64177963.013608344	78829408.45357384	
25	-1002604661.2495147	38068059.798167944	27601623.22148854	
26	1073016969.0389366	35793397.94439228	25884716.01735094	
27	1334111713.2255921	40285480.91119519	32242180.27378281	
28	111299039.0967997	6437871.303758408	694928.7792328764	
29	260035734.04615498	13261314.15817414	2975453.5854058056	
30	1953041582.1099823	44695803.368209794	38912529.68597812	
31	-646683.0909892088	454467.7186168881	3689.259394391263	
32	-2099669734.9790819	50564378.169286735	49990769.00424492	
33	2647425483.54423	57583214.033809215	64087204.39839213	
34	89965.56019924428	12188.646708195369	3.684127132949765	
35	173527135.90759227	12719199.735438159	3384650.813416439	
36	-44686809.13461853	6223939.693819358	688522.9071248533	
37	1408185401.4347255	41818621.937296316	33485167.28209068	
38	148214662.19195557	8786824.933497857	1374858.2158052982	
39	-38670322.489266135	3222822.8352088425	241966.13039856715	
40	224157924.57761723	12232508.452121682	2626543.912505177	
41	29642608.559957355	2491200.209005799	132391.61855905346	
42	-2179026358.3822646	50905054.68332611	54947961.68556487	
43	573543707.3926997	21671278.22584211	9511686.02288256	
44	624695118.7547351	27153490.42309362	14844336.005640114	
45	-115268215.55385718	7399636.11380014	1106296.8738624647	
46	2119894130.184887	53768520.750276506	55622996.05522297	
47	-493730.10037996806	273217.8078234754	2243.1606837088993	
48	1666334917.981258	43245481.90771791	35021988.93609305	
49	245372941.7998201	13822913.867345259	3432519.696505944	
50	-899013279.7464079	40866131.24129351	36366630.93307963	
51	-1955140879.8897293	64412738.55540811	83729201.53638832	
52	5463184.164438952	793170.947485139	12553.242381403621	
53	-1842441982.0761652	56620959.359010875	60417264.06494236	
54	2001713513.755338	47080376.6816629	39946375.85161878	
55	3019444812.958232	63660619.23147288	78145352.75285715	
56	-2958.9359867919666	-10308.6570806478	0.7121272578039932	
57	718913453.1095552	35980351.32248481	24807655.158272073	
58	-2359286781.9041705	56598849.66899634	62791740.61473692	
59	-891984350.1854722	32950042.2160741	22300342.64465253	
60	2960509586.837111	49909714.39576535	48036073.36870933	
61	-1335864366.0562236	50943519.9759296	48847357.9529779	
62	-2070000163.897273	45773915.719555974	42703729.690638386	
63	153614014.0168362	8705465.349466013	1654855.8483827114	
64	76076487.6638532	5946711.915058048	617274.8722716838	
65	-99560556.32199812	6864863.251447258	1102634.9348801228	
66	-1720953762.558706	46557450.8783658	47025397.88221539	
67	768486219.7987897	29055437.518956028	18042295.91578865	
68	-2913829533.234589	60171781.81005368	75971340.00223035	
69	278795.9769827464	104631.31964440465	58.83041001650194	
70	-534881719.962555	22456616.640615273	11495701.02303041	
71	162887276.29174855	13417677.94008401	3380081.312757793	
72	-87386978.17501272	8848422.862385243	1400197.6046774911	
73	3589487162.405082	64087895.60262449	85296676.08788136	
74	-692615516.7820405	25788775.679168515	12523279.49750619	
75	-30137773.956563327	3870513.19978835	349278.95218003023	
76	-2161248401.731807	68708248.29878713	95278484.03535815	
77	1163348155.5912032	46150442.85704692	44858256.57110125	
78	45649452.547398366	4112634.9345193007	296616.3527614916	
79	239473000.10360488	11456445.379153421	2819566.324778506	
80	778367485.9188745	30665863.178524558	16980124.0892151	
81	1125469763.9657497	30969127.04650105	17963696.32507099	
82	118273.94396642927	25630.15789771572	62.162219753270996	
83	3098935.8783195084	472590.87908313714	6318.646312882032	
84	1591855184.90318	42310757.72845434	36953191.47231176	
85	198588522.92271152	8654978.154763276	1697555.803008908	
86	-2060406766.9511404	51759961.89547512	53171233.895753324	
87	-566087473.1825813	21658290.622810703	10175717.093712635	
88	2324859483.6000633	59893564.73789094	73398084.377141	
89	-2989892163.139113	65590748.3547138	84949526.15161717	
90	-991578757.2688656	34766932.72751818	24237582.33104041	
91	1540599146.8648353	42896563.73760997	38156138.152464695	
92	221418719.01956537	11713179.211190967	3037635.18615918	
93	116554395.0367739	6015737.998654443	802591.1523029624	
94	-3833842533.9078074	72011568.8084363	97292330.20386152	
95	511341.42670388333	154692.17951452252	240.67262029624038	
96	2271277817.321496	60131495.074221395	73614377.24991678	
97	430184977.75005287	17470262.004165065	5744977.1481309775	
98	-72518743.07456738	5667673.977988275	772458.9939170395	
99	-535254858.93654263	20665237.84740526	9444809.717596848	
100	-1196758931.2154748	43763718.36578163	41275151.38669014	
101	139530096.55100212	7217293.2820308395	1122674.1984858527	
102	-261212369.38305798	13568146.673643278	3382271.833084094	
103	-1030842684.0683981	35665608.60925747	24523668.48130479	
104	666733468.0681194	21155912.814630855	8339665.522276929	
105	-2812717.09736954	609046.5778033553	9784.710429892895	
106	4376094861.379776	71650820.57371706	100488521.0568602	
107	236320416.9635534	12115899.001740186	2540907.8416053304	
108	2753569006.3572106	66387877.987559006	90850570.00610925	
109	-1749788537.851823	43097940.41208422	38266837.59928501	
110	1014494.8611926452	332172.19574340666	1195.6241163586935	
111	-2598642427.637225	57638811.78958199	71929970.6416878	
112	-4677966.736454644	762018.2984251677	22565.791034050315	
113	63141196.78902819	5373681.04117517	627533.2838828745	
114	-1445018922.529128	55073369.83636391	61195440.86625566	
115	-1628735482.5644796	44724897.069955304	39219840.0862822	
116	-17261197.050625227	2527464.869814148	100214.0368055405	
117	262513345.13038912	14228212.462562008	4106698.0083126496	
118	546408458.6054317	22298825.298628636	9215814.18512195	
119	2332040193.293991	55686843.267134175	58937348.28412267	
120	-1046620226.4702427	32560591.51545435	20705057.248728678	
121	-181399589.8586488	8507134.304203523	1523371.4306233532	
122	21130322.688552197	2120746.2395037073	102398.70614988012	
123	1157714.5992987002	298598.59204593825	964.6125484262543	
124	-10662252.636868207	1683156.2106789974	82267.51378281073	
125	-881317104.979031	40479212.75033231	33391716.694358148	
126	-5079375.414845562	1042517.4624558291	27612.752513268253	
127	-65445749.83061057	6740803.636869414	801451.610668732	
128	1112843366.7188637	36008759.63672433	26087536.89304752	
129	-151246520.04900497	9321904.24548452	1969503.660194409	
130	122629.99435104868	78609.7326473883	41.17098487399257	
131	-109104442.12963796	9845291.140944567	2029716.964372663	
132	-33334465.971911278	4568416.958703267	382148.75925033697	
133	-1407447705.8561206	47581868.91698461	45948480.76939357	
134	-1308527301.528424	54575160.42750244	58649459.04490016	
135	558196563.2734176	23135463.0139433	9806914.66605385	
136	3090663315.5838876	64942025.11576207	82753337.93721168	
137	-1306990676.608898	34667046.86655598	25987444.188112922	
138	412408032.51161	12519472.952440247	3399606.6282648663	
139	1277649859.458395	41528189.75713353	33911854.84632773	
140	76783.14526720457	22430.458251939563	8.747833232220822	
141	239706595.36271262	16429224.938077716	5318172.967205457	
142	419937677.86676925	15026157.716614826	4752067.647587487	
143	-685519005.9005162	28254727.28771821	15646535.106136808	
144	494483857.508172	18522563.306367755	6935456.433496364	
145	-1359502757.7126064	34786725.73082799	25760017.861188546	
146	3042495518.603292	68085509.84127352	85024901.84469736	
147	947957753.9730772	34337117.247013174	23322779.267311558	
148	-2233171032.230913	56345054.5331072	65128733.72330715	
149	91552557.72025657	5549925.339868193	579435.5740109042	
150	58171711.06603065	4167350.321392345	403022.66708649404	
151	-874700626.5517389	24588407.71739426	13428573.506759236	
152	266460331.60676613	11995753.178395709	2574996.8560032533	
153	-849662635.7634385	29408270.2106893	17926795.592023466	
154	5941990.936824034	960614.3911344702	11864.563463860914	
155	84053807.96099053	5170939.292809753	561621.5849637373	
156	1767895.452126195	382554.98276553926	1899.9437359397368	
157	-3146898.628913491	869379.4261521172	19507.214314341607	
158	51755.13362288752	-17432.90037924203	43.41110669868149	
159	-2779391314.8324943	60748284.1560669	69145570.01972455	
160	-1863049658.9134562	50202166.72061676	53718223.88102685	
161	78139651.31676535	6082590.616728279	690362.4262531948	
162	38427477.49684939	4345933.954300549	283647.1562460935	
163	-1368092271.171199	44341816.13364752	36661721.40077412	
164	1058417678.6168619	28071934.071099184	16740313.294324791	
165	1026889950.544344	39672090.12101914	30339801.129430223	
166	-858702487.006268	33106007.683387045	21342503.51028418	
167	-679514185.6426991	30289047.61199755	18349509.60451929	
168	5619649.409806031	684881.4961964966	12351.40842389372	
169	17222915.482677232	1558276.070847003	54421.46407122567	
170	-920895126.9084696	30234311.47313195	17900923.623137686	
171	-2369142416.4685984	71109271.9841394	94836683.36400448	
172	-3642172414.752031	67249178.38694003	92150985.3579381	
173	57828625.823502444	5849879.15073494	518665.66879062186	
174	2444967402.843417	51894978.236990355	54904806.31912549	
175	-18733753.40891038	2980275.410444132	150880.07440267073	
176	1027402435.9447966	44759265.805807576	36555539.50006999	
177	1235555665.3957567	43698813.295515105	35840572.08754921	
178	-2030285217.0484135	63489009.639144056	77380347.445643	
179	51107363.21583055	3682602.8949333075	262821.3922742417	
180	-168479624.16381016	10331489.1548556	2022360.0087958493	
181	-222556841.24658844	13396776.360577563	3297841.2855551494	
182	2902889257.0637956	67691307.09566277	87657975.72596288	
183	-291177731.1095916	15709305.82188271	4670403.536083814	
184	-45068230.19577966	5716362.169039215	536060.8494260255	
185	2657418240.4896064	66732483.26147567	86420472.97178142	
186	2486831.0460724426	449385.53964028554	3639.729254367458	
187	-964090839.275094	29856467.61235424	16728626.99605744	
188	1213399231.6297693	39223116.43969017	31222065.699298076	
189	1324377002.0738785	55177125.59568308	63738999.72208493	
190	2456247488.19469	67581820.32297042	92993546.79865323	
191	-866098045.6186887	34096757.38566678	23610386.995794635	
192	41863.83450964066	6437.662609126836	5.759602454629004	
193	-413783.14000741026	650408.59731676	6985.419799649096	
194	-1369757462.5261004	35182486.423918314	24043453.619869884	
195	3071778.862801009	557031.6603685695	4631.924428747785	
196	1882991154.203383	68921345.08045873	92597557.39226629	
197	-1212610436.1495154	36749866.446727104	25866348.669784606	
198	3477666231.3579044	58407311.81910579	71442945.31066929	
199	-3424092663.0347133	64269395.437212266	81688409.63986912	
200	11762760.236324089	1348349.7286790728	34695.823855597475	
201	-964571.0208002559	600408.1016853201	5654.307504053435	
202	1491059564.7703784	37862789.259233765	29361313.32897154	
203	740831976.5083671	36528681.52995203	25617818.61063693	
204	-1543164132.6398447	53375600.56515766	58597244.368244335	
205	38629999.44385937	4105444.755116159	250461.15422116133	
206	-813036487.3197477	28227964.002010252	16525703.51217741	
207	363535202.8349668	14439486.626993947	3601658.761841969	
208	-194158041.11143416	11070495.520057315	2954140.9675478097	
209	3118016548.454529	64511082.219983466	86292579.5434542	
210	-152280.951769843	103919.83415708876	806.3565826145307	
211	-20217346.461403772	2488099.20181519	176714.54244742624	
212	-12158483.424542064	1708740.7537030666	72802.08096743276	
213	-409989280.8535335	16858492.380293448	5980152.810781819	
214	31788981.925305057	3290437.4917667736	187268.88863384599	
215	-1382638598.121502	40898761.06718564	31682217.997656696	
216	-79646933.4004665	4809895.70515961	628725.3642316583	
217	19266346.91344037	1862419.985540459	56446.79874198765	
218	-131705049.46464905	9693092.056415638	2281194.2366829272	
219	-237516262.8637492	13672143.624059623	3696765.399782877	
220	-26021621.092376366	3094848.7057657694	275997.82007342036	
221	59792383.23403467	5177604.41416841	456465.14700817794	
222	1282120.1264114128	362466.1110080532	1472.6335346072765	
223	875649073.190471	35569833.522679076	23211871.38798039	
224	1704785646.0793378	45689052.55445489	42730532.484979995	
225	-5794553.505281426	999061.3570516304	29921.103650803325	
226	-2420780785.306062	67083215.774594545	87303389.06588307	
227	-56097766.65978683	5858946.363002592	724649.6867325515	
228	-34564997.32896163	3074375.6133059487	214943.8110306231	
229	-626306930.8477995	29135701.919418745	16209103.019971589	
230	-140577372.95245662	10576552.403694104	2300083.5544563886	
231	-317772864.91298115	16991872.028080154	6593792.117341964	
232	-49664904.3825358	3768465.072753374	363036.7552936807	
233	2770477738.084966	68427246.70554994	92489802.4159114	
234	-978210585.6995016	41132368.58706564	33248873.38232275	
235	-1559633019.1541111	50379821.04721362	51971792.54742682	
236	11928892.25837705	1331963.1392570783	44202.93159235022	
237	1794978837.860854	55956724.16201467	57674152.083178245	
238	-1875993326.854891	56799711.57482379	66933988.69022642	
239	897525349.970276	31047160.136621572	17375085.04867231	
240	3264959152.107689	72239471.20721872	96802738.31665266	
241	305704976.4248875	18141825.50918389	6493697.594094451	
242	390352908.8273056	20817077.04740056	8472517.602017194	
243	-999808788.4271586	43861934.552119896	37438192.00980852	
244	-456071846.85066557	24872750.55379521	11860086.38462178	
245	-179589008.8455796	11264355.51087705	2644877.459060552	
246	-232672900.23559588	12952634.098336821	2953196.805499761	
247	76673761.77003537	5134833.51303468	579070.0635967562	
248	-7447081.166859084	2018823.8367142775	67793.23571291952	
249	-920510019.4046826	42399473.78367104	33244878.25871473	
250	-12621.433781624144	7315.242603088906	6.282836219700242	
251	-1531001.6916076187	704770.519468439	6018.06968368776	
252	-2459004703.6777697	51494035.36228144	53215745.85879619	
253	8671832.059418159	1301209.293133209	37270.087384390936	
254	89771236.09240687	7538167.38344869	1146248.5368409844	
255	-38695280.18468962	4247668.754202069	444964.15040017077	
256	889042881.426883	35658302.28988378	23080656.491672114	
257	2145828852.3327358	47551973.7143003	42867803.739684366	
258	-204212078.61113793	11775529.477251701	2835043.6446405174	
259	-38189205.784284875	4331322.454832292	505914.099565531	
260	-1608976835.1200519	50634348.29797362	55175871.44508169	
261	-84608378.25042084	6837136.131296963	813529.231413924	
262	1032646397.5172033	45490082.02548676	41408985.086695604	
263	-2685832780.0753217	59500750.768960305	66230178.09317137	
264	-1003342.0125087852	411846.3909213885	2778.5505265554925	
265	-131785338.533081	10339470.345472358	2253409.1977563766	
266	-3335860591.800157	64000804.90729223	87206237.2103689	
267	-231472767.1409278	15126694.18399718	4371750.6336432295	
268	-1274676057.9438636	43919919.253693536	40264164.703714594	
269	-654607.3108760157	396217.7631520811	4248.192633572784	
270	81372.12251045727	22945.82677372619	46.55844598001592	
271	-191419436.03837094	11356474.779465856	2456485.8171625664	
272	-106778823.044848	8363477.532486971	1253854.3291560365	
273	96595319.0905261	7171814.879584452	804631.0002664962	
274	4228124.389803434	667758.3604251188	10507.826114560512	
275	-1716964032.8327448	51042110.13345503	50407925.06493718	
276	-10376478.38097218	2044616.0571710758	92609.58189644087	
277	-717506886.9845659	25559546.5286941	14170878.46586211	
278	37545458.564574555	3048164.3497207514	143924.92364808655	
279	2435147662.8808236	63966721.39527402	83759258.42748582	
280	-5567618.437041475	1224995.910225726	36349.86661284343	
281	625399483.0153474	23437291.687966987	10368724.99650128	
282	1828121163.0524442	44371027.41750016	36575547.429687664	
283	-35491635.819647364	4012465.2388861137	356460.71089979785	
284	111886.09680992756	47971.97799641843	37.9931053650386	
285	-2785872890.9191103	61461097.60245	80537922.37312944	
286	-2140313275.8079216	63248027.03058134	82116208.31178145	
287	-137798829.09437925	10948953.204259189	2111068.7038892563	
288	-64566297.46351787	5487391.893700433	572192.5206318437	
289	698104496.2903445	22092762.730740234	8394330.83508131	
290	55549496.198862	4973574.552786225	439803.5322677636	
291	107185287.5154552	6125655.21371272	856220.0006786513	
292	-1304882967.1127117	39715796.274175264	30712546.19523442	
293	-14096852.187901717	1786790.8092963924	106534.62547838638	
294	-2135687482.166345	58214319.94442874	71131192.70045476	
295	51299031.31941466	4587012.55372263	331447.4211182174	
296	20845713.60198733	2581273.031235486	92040.76342500339	
297	253484242.7413392	9879881.525004799	2135860.571630363	
298	-1922374321.9022834	50671675.02190404	51842371.871562295	
299	-543055686.5678868	19803741.707760453	8383409.789526842	
300	-2595265.1957534095	867139.3249566054	24937.034230007554	
301	-5103604.687072528	835833.3441398484	26995.44111974357	
302	-386697716.89701843	17321674.040584777	5607880.699630033	
303	19217809.37893876	2247329.228850605	66378.3264670039	
304	-274149563.97422856	16566339.134587308	6262455.937289956	
305	1403827015.5857012	43059317.08922582	38425832.524753846	
306	-152642981.24029437	9062949.205819605	2055267.8035815274	
307	91813420.37131578	8429334.35200892	1319569.2455441651	
308	739324071.7249217	27196572.275721934	13076928.277432209	
309	103890.02753796571	22909.124551397497	49.81646324880727	
310	-58827819.41755583	6867975.100207681	831593.851820028	
311	-615088335.2739367	32737855.778412823	23911219.727248434	
312	-287447559.55595934	12750736.164603386	3704958.952137606	
313	236175186.5300675	14324987.791031724	4157059.030526088	
314	-3125227110.281838	64765171.790381685	82961494.52303828	
315	2132574208.2666962	54260344.61769626	61763428.814549826	
316	2702315388.5242343	51838701.17078785	56285380.479996815	
317	1907884459.0714705	50896707.255968906	51030760.270806804	
318	272876770.1227231	15550146.530804837	5003046.102027129	
319	-88260829.13035928	8313035.953894588	1280681.6419513563	
320	-2734283641.162135	59456312.10350236	75714278.68215333	
321	-1487939210.452438	38113759.561199434	29220205.38046151	
322	2880999180.2021146	66077509.41447832	90249057.2244948	
323	-390595339.21073794	15604120.235345494	4955994.22418315	
324	-99969474.2925468	6677150.479411001	999803.6309058614	
325	-1165411193.6072721	33782194.072954595	24254068.123283602	
326	15265632.82433103	1866553.5978624132	61215.132646357146	
327	-746321205.8537703	26457668.363185603	15300402.706377069	
328	-1425739957.0594912	34773004.613370955	26803885.30861004	
329	1482941809.8661864	59071286.47770412	64510741.57618406	
330	-11323053.986316366	2049431.6494227033	133024.7454682914	
331	209407001.60821408	7827320.000463594	1437113.875085843	
332	161337426.91994506	8995624.821116079	1345179.7464835218	
333	4439187.221962089	828691.3821232811	8113.037993338982	
334	-2030449308.2681613	46934260.69775474	41905924.80556159	
335	-1622757785.1615512	41499441.55979216	37356963.44813006	
336	-1387888227.5644677	33143798.885049436	24313297.477140866	
337	678686332.284621	21531856.64005346	9022913.483769352	
338	-813175360.1952928	31930550.80053194	19334995.219761573	
339	396442749.64896697	18022568.7569103	6062054.756219656	
340	-18956427.16391795	2540704.9403720354	173661.95027682825	
341	-57500716.82878427	5307599.765505496	480081.9255284744	
342	-35447473.70011348	4804429.689115702	430598.1121039416	
343	61610069.714422375	4309883.294226899	372535.58131181414	
344	-803775400.938838	28032512.329106014	15699054.934876831	
345	2782334441.170158	53972954.267278045	54874475.42371074	
346	-13262.065526997723	32481.865239194398	440.5039432139342	
347	-430777134.4186702	31805212.78872471	18814168.03750452	
348	-1001142315.7007191	28372188.37798498	16280435.248519175	
349	8830845.993775183	1258778.4006342292	19646.507169967867	
350	1393967578.9527962	49288561.98517155	48774876.529924124	
351	-2456641234.720905	59907266.73750379	68799803.69245113	
352	-707930087.4771807	29230560.90132122	15781361.496686269	
353	-1276499557.2294025	32638914.10690589	20722882.00421178	
354	-2173023772.6504374	58690955.78622348	66892275.41676205	
355	631938963.7369449	27376305.00349587	15482512.71128155	
356	-266747.5111854818	197974.58571704174	3455.536080439042	
357	790889566.1301099	27559304.760994766	13515006.276797665	
358	-79637361.18843102	6590351.688011081	738900.4688506951	
359	-278062869.11992526	21335358.652404625	8276619.251576098	
360	-235525292.16004148	12513740.13435989	2859115.8658979074	
361	413569217.55503607	16383780.319165878	5496446.25364214	
362	-3991482450.630098	68986133.3226296	96655724.50944246	
363	-5181185.894007516	858341.3715386987	25864.560410120248	
364	965295743.3709679	30908369.957548704	18178309.90208598	
365	14333362.726115284	1748975.8846139982	39889.974840369825	
366	-814698314.055025	26286444.80763568	14178559.041893732	
367	352685579.92142755	14312015.718388105	4158293.418634874	
368	-958945932.8449668	25732414.653289758	14131329.776512349	
369	-2859819.9870466185	929635.9438767442	14326.345007307522	
370	-160857157.65812504	12757398.138700055	3472291.2603729726	
371	-143452021.43807426	9725292.011149047	2323700.2276393212	
372	32556479.398957673	2496763.1960083577	115076.89861162903	
373	-139845825.77636707	11034416.844418898	2286813.986834782	
374	3402444896.7615767	59394895.97745049	71008958.11245184	
375	25746.385126456225	56142.792265124124	1187.5030336417449	
376	2837536769.4620023	67084889.16983544	82351592.05545035	
377	-75802730.56410205	5933349.28141378	654345.4341004966	
378	-3211741263.821553	66598369.64872723	86972905.02511492	
379	-2477978064.958503	56293655.266739555	66269658.23274011	
380	72426241.89489706	5011097.324910641	423539.060598211	
381	-9893525.322784968	1706852.0804312932	72189.98470353191	
382	-235158373.43911612	10141955.294906745	2463797.409708475	
383	102230.64096658932	36538.62572525763	10.689408094102955	
384	-104049014.70862775	7124087.130858853	1051750.407749186	
385	3670812658.6399703	63806584.0832393	83411608.37565245	
386	-855000152.8797147	31765145.676246874	18696769.83878709	
387	-153947703.7826643	14447942.14718703	3960882.6878167484	
388	-559237013.3261887	23789489.669386245	10874135.47080665	
389	576515689.9171356	22972295.610475153	9301138.294204105	
390	507855.6932027207	166025.86197140455	201.97905369551376	
391	81352642.33332923	7920022.620555283	1190256.5898510616	
392	651114961.0291878	25099262.811152104	11231291.237335341	
393	-703827567.6910813	23474125.05757031	11954911.037437836	
394	-11512420.26450404	1420012.231692376	61884.665755216556	
395	3209915.3029041803	493776.610714753	6982.267946681463	
396	-20213330.417048436	2509523.469606345	158324.76649588603	
397	76664908.49312417	5270293.255702586	439079.3842177112	
398	388259815.67022485	15939856.388175732	4856742.208272035	
399	1301661055.5251307	37816399.140163414	29671886.775254045	
400	13002907.256888038	1606423.9693119042	32156.902555501518	
401	-140079823.2912576	10120135.374346102	1993418.573871557	
402	-1015833099.3418819	35411175.00161444	23422695.128395118	
403	29348572.90543658	3035231.753545567	221314.3856060948	
404	-960557144.8934834	33156496.898254354	23996672.64908066	
405	3253867670.360245	68057848.57584864	96406669.1811267	
406	2433117962.5840607	53747303.6938669	56299280.72295406	
407	-25267944.056599047	3789837.806216624	277271.7600653652	
408	-14851935.766412556	2320395.016521829	80978.53318462349	
409	-690912527.7610353	26095618.593963847	14272475.221758949	
410	1413806421.5863097	62120902.61574687	72235868.46852066	
411	3151813009.320242	55565840.74063906	64885324.19191743	
412	-310408738.4588885	16958913.56313958	5959571.508611081	
413	1399743.041864579	481172.57659771113	3559.9961240225066	
414	104996613.7179615	5754431.331316934	782815.8802287164	
415	1038842544.6552985	33981673.28285994	20736125.492473524	
416	-724164235.3873917	26320177.791583065	15800693.903217154	
417	-187373910.2465107	9667139.45995798	2110585.754080507	
418	-54155725.32640783	5688920.944004162	539748.4503137779	
419	474694732.6498792	21932169.568252522	8564209.074732956	
420	-390523500.71684784	18488401.249539554	7549843.062031156	
421	2718577.80594394	596943.7190873722	7710.0866808810915	
422	1105963467.7603345	46734382.465458944	40093963.58980475	
423	-1184523965.0800455	41609157.91183688	34815136.61139007	
424	-1574773280.7902198	48115083.500661425	44505288.13826732	
425	870382958.7953751	30433126.94127535	17668264.560981933	
426	-60105464.995720446	4751448.021444428	476613.3599571206	
427	3044310236.3233953	64103938.72933475	78125975.8722632	
428	-872524136.5245495	36122035.98724723	29157246.459284287	
429	71559331.49543886	5456278.065227983	469112.14828711207	
430	983047587.3160088	31301174.621473525	20263163.894142002	
431	124349585.63815722	7535608.55614016	1050322.686104501	
432	2634312970.6720986	59934593.09925749	72755992.47519135	
433	368858241.2621721	21721183.425078034	8194910.12728838	
434	-54397672.10016774	5385963.602635281	541349.8872448119	
435	245016116.08353308	12453327.055288535	3052594.9932291424	
436	170241845.5316558	9123449.34831457	1316961.7772237917	
437	-20067206.185063176	2105822.3484211178	116787.91695883809	
438	2747258853.0572505	71112003.54860504	95371794.2521543	
439	-12585041.186745249	1935103.0573482285	81049.1326875341	
440	480343.1414732884	141056.49593495476	845.1277727048498	
441	313195652.9830025	14779947.483398248	4020351.7387989997	
442	1922466073.4043887	47060512.50610131	43550802.261098154	
443	-742209323.6874374	23342112.423103508	12444298.700136025	
444	94592224.99409321	5275574.521999771	573283.013061217	
445	-117244550.75052366	10442923.803210076	1885652.358940601	
446	1370891606.6849	37605166.88797524	26461697.018788304	
447	-125051454.88808092	7761503.160473277	1304886.463927169	
448	480611790.9069896	24953877.22965044	11056393.143330319	
449	67617972.56714085	5213501.969178572	447613.7889022091	
450	-36290709.75295325	4949432.364794756	607186.0339196788	
451	-4029095.5092504495	623645.2816994947	15185.90338798578	
452	81960995.95122616	5226021.868328254	449166.0233088295	
453	1736726255.524072	58908991.80264482	65506629.51594811	
454	-9684641.735331673	1906582.5040522043	69460.28624043796	
455	-149198284.13755438	10928115.260196583	2772152.6898719156	
456	-8928281.085113594	1692439.2313681317	65909.76632208853	
457	-2379750875.5769463	56008268.02771295	66559172.54266299	
458	-2072261294.781279	51303318.652730465	56295181.87324537	
459	416643569.5771295	18599850.609768163	7454103.463726769	
460	-6721522.889318081	1442902.8049542285	36518.62312422991	
461	-9603346.493986648	1210857.676889308	51761.34172795779	
462	-1959645038.0940397	46549114.751890466	41632927.67014685	
463	-88306230.61902654	6501121.519287451	829693.3138656574	
464	137811.52798929758	370175.47042464884	1513.120771599111	
465	-6471749.0343662	1323849.6121998422	44573.21310120196	
466	-1766416420.6327736	53210146.95341248	55266825.92762331	
467	2625786280.003437	60299743.11133455	72157647.44471166	
468	571078557.8210689	18165823.451980844	7119431.928090849	
469	358229457.9781007	17155217.48138386	5711927.844783355	
470	299908.3221227141	115076.7554084297	99.48184595627595	
471	-50238512.611395404	5180858.306330318	449158.68701723876	
472	104607.45952678057	96746.2067292426	107.24460628908633	
473	4039164.512933647	679929.6416438115	6959.485388606918	
474	712987418.576464	25063544.021859664	11322840.265371801	
475	827313.5999523519	176123.3319709823	1048.521432590051	
476	-23765738.857083265	2750411.1987889614	170659.40105673292	
477	-4342227.023997044	763912.3605182179	25813.25526596346	
478	-741100811.7822427	24705986.35192438	13135461.423850127	
479	-1196613379.617748	31784310.5547969	22009973.385513272	
480	-181602721.8746686	10500780.189236883	1906941.0432312998	
481	14031581.8093555	1605531.2676926765	50941.6706012527	
482	-1765277856.6204522	51765371.90514943	51399068.06053554	
483	-740214021.9582152	26175260.88716742	13658263.980134156	
484	-2757658687.681534	65678333.04836449	88792222.7333552	
485	-385931.4642596997	149540.63074932987	1155.667109038462	
486	2676750026.294427	66567888.69145248	85432008.7200803	
487	-147902980.52996513	8047299.20933773	1453254.1095115559	
488	48767404.49276012	5193407.625482751	475887.4047357817	
489	-2822573244.4762363	69556400.40583512	94968422.57303284	
490	391442405.9824707	20334812.283382166	8319866.528039808	
491	1827713087.7952287	43580266.92220087	38223066.38826986	
492	13178945.48809988	1483297.3104652045	39626.726924598726	
493	349898960.41647434	16560005.176462153	5494685.086510372	
494	302123717.0110815	15139485.898106381	4527135.651817429	
495	65999516.20682657	5403517.726623259	439145.38186168927	
496	968451078.631784	27630498.076576475	15975117.306118563	
497	553868835.302115	21263689.96144502	8508664.505937038	
498	-1525656466.2357318	38083304.70668836	27571937.823539086	
499	-1007481962.8409699	37404224.104825355	25808741.38834778	
