InstanceID	EndpointPrediction	BestPrediction	TrueEndpoint	
0	711.3759504923196	-355.04273657310887	-326.22270958076547	
1	-124.32716059062459	-324.7518308266767	-291.7237526989481	
2	661.8926671182446	-373.551541247499	-359.2608049277711	
3	1726.8301181454233	457.58529105214933	442.5577877922494	
4	-360.12251545596934	-344.8183253932928	-369.33117034147176	
5	-37.41106249414069	-317.0904068688498	-341.93221259748145	
6	1301.8874682199807	-476.93537042376477	-456.0175539846764	
7	-744.9828849120034	-177.39921342749744	-145.6573597719772	
8	7.865945060525631	-335.0682647896627	-316.92110793411643	
9	693.7572071081138	168.18294805113482	199.05847639116539	
10	613.3665974117496	-272.3561568570477	-238.0810786903467	
11	2137.255786666936	417.7805613912025	432.97486461416077	
12	271.5158117218821	61.21442533295209	70.94544459616507	
13	1960.3957487489856	205.3008486964879	206.88181938866637	
14	1239.0780314329281	-410.6591322689685	-387.266868919184	
15	2283.29255046128	256.0196435867242	231.58797347005262	
16	-33.01034218716064	91.47377899937439	111.36292419403594	
17	-91.74636346478583	52.41461267423034	77.82897984627294	
18	-212.9424001951634	-185.48134726623843	-172.1694705131025	
19	1179.7320659676643	464.93684126472687	482.32390590058424	
20	1576.1747936056443	321.92961447243476	297.7743024080246	
21	877.5700616863237	-439.3036651741868	-433.43499469002677	
22	1117.686823854419	-309.0318880868083	-324.5133716839023	
23	1362.7601835916635	270.92608230235146	270.6142958972686	
24	299.01232801641675	-267.13416945490775	-295.09345806190186	
25	-1271.2892952668503	380.5480695171161	398.6030041660257	
26	-360.0225035656649	-216.76427138631618	-204.9232201164494	
27	-126.7494578519437	-137.39880129612757	-105.41494259204835	
28	60.42917725587542	-95.28997450078492	-63.646265788903705	
29	-173.4835430744196	-353.6856016451143	-320.249656353753	
30	789.2919064150684	338.1564036746326	308.91788983751604	
31	1052.775965348026	-244.70456240067196	-261.7679261305882	
32	964.7918341821372	-421.72714676403865	-443.0657183078879	
33	-2127.5122550869787	447.2656445852101	449.72085647632326	
34	-292.15028204446895	-274.64090953542956	-256.72050247473857	
35	4517.474574092048	-385.24127999239784	-394.28544237188964	
36	-1330.9546055094088	-241.65239299883967	-238.77079217889417	
37	202.55974366757877	329.8028013456586	332.7151893125855	
38	2039.224669126643	444.62976581094085	458.30535253561874	
39	961.9318428805539	-287.5741930037693	-271.64245765519195	
40	1715.9422376174034	323.8140047493665	346.6834823231914	
41	-482.3394777490272	277.6346945673673	283.9152398730784	
42	232.25933400598092	100.90389699616217	77.60124878621036	
43	679.0366809988767	329.303090889694	331.69447314661505	
44	1096.054064525445	-489.45924175243465	-468.2236416448377	
45	636.4048780580727	-264.91863480469965	-273.2978538380629	
46	-312.7271235584325	-99.99365222750491	-111.24344763965752	
47	1431.3395462144306	316.25001510581467	329.72202319337134	
48	1099.3962968329952	-336.9504912199065	-346.74782270921173	
49	-242.1229367457901	36.53959316729747	65.05844471013907	
50	311.08100648855645	-265.4255703678559	-272.13735552422395	
51	2758.464984459138	-371.06584084547	-374.1825937311913	
52	983.8024964339866	-443.0025645980683	-455.3650192792305	
53	3637.063723954893	466.4744534080289	446.3408900263419	
54	1672.7033543645402	338.5221657466579	314.95422021574063	
55	106.79296106979247	-168.06034278015858	-144.38802976431654	
56	482.03619322772215	-450.74956950334496	-481.92135778128306	
57	1086.0050145632122	212.07692265203292	246.4876426175957	
58	-910.132534081028	-293.22514946548694	-304.1819456452138	
59	1299.984224942022	358.4853611069242	348.26257620098306	
60	604.7564557067362	455.42791058857847	425.4381690344338	
61	-656.9821790232137	443.09842471140723	475.3973615257021	
62	388.5691557553592	-421.9476681415654	-434.1940601443836	
63	-177.82247489444495	-247.2756715293424	-239.31392029551267	
64	790.8516945975208	-236.00305643541395	-233.17430929571995	
65	-595.1706973833576	168.21272020776775	184.30616395056614	
66	1704.5343188248323	341.04593396822764	365.9461602038542	
67	-1509.164801350477	-230.18891802365926	-244.74859862182626	
68	-860.8022417243648	-278.3051299301114	-270.2437379401857	
69	-82.67054467400537	-430.95263027999647	-436.4190635685419	
70	346.8176314337786	336.81123467301984	361.06592901812706	
71	-61.994932161570205	-88.87820107382474	-86.08322525103885	
72	422.84701453377534	-220.1120504917626	-209.8412299468979	
73	320.0770385627226	-208.779037363783	-207.96399137110905	
74	744.0530567704316	-389.57023995020137	-389.3326420117651	
75	272.7861291670567	-338.76949521169286	-314.0531264025326	
76	1711.4784472655533	493.1268050216129	483.5177579107158	
77	580.8761482769048	244.1128716870837	258.7244804779141	
78	499.59192213360745	257.5988393150624	267.3674276456714	
79	129.80768813046393	136.02939912890236	158.9637351883072	
80	1675.7296553739013	408.08164638152874	378.78388612895566	
81	-990.5258283354772	312.7410473790833	297.8078157653931	
82	4888.206165719053	462.2624862828974	435.07590407293685	
83	-2738.2755442585385	-371.59255929129864	-389.6983573474193	
84	271.6383075349471	210.00781651840214	224.30397512107726	
85	-188.78442068366118	-102.04136662140506	-119.72081995988398	
86	-29.559141426728875	-56.03387130182426	-36.73688465514016	
87	-469.5521193676199	181.22292067181505	154.91991331573104	
88	3124.754799717825	293.0962241879803	300.50680971780173	
89	595.4387606317575	-94.10651926970601	-73.75284344466064	
90	846.9858344851933	-174.21028077339983	-177.21245284054004	
91	282.4266704398218	-132.29958460528087	-123.20418477831882	
92	361.9822153567196	218.50512123295871	252.5127912905687	
93	-33.36589889619067	5.57480630749275	-1.7179140506882131	
94	659.843208817917	254.43550421103794	230.29699271573483	
95	206.20074758537064	-79.78827818859557	-64.92030251304442	
96	-742.5646025398529	287.14197271853465	314.4008128125878	
97	-22.50398548808017	-15.901580879439905	10.64126112419574	
98	2952.9869159013533	403.7537857164107	384.47809396571563	
99	761.5125204096272	-386.90764932625575	-399.67368394030126	
100	1645.9204032957387	-417.9194058689609	-384.71656281655356	
101	308.86829589311986	-59.438666557162705	-37.04548038333836	
102	4449.363955383644	-286.1944284420317	-275.2833375025925	
103	350.76166765787605	157.1996436482604	187.60385964342558	
104	1042.113695215321	382.85815243936526	361.58678330335215	
105	635.2475728365603	271.12919769953453	297.09674947329313	
106	-363.61312404580565	122.09896894224528	96.90598422013764	
107	-179.00542736611598	145.96386700115175	153.73434251494183	
108	663.6811550796225	174.16387811618307	180.77457774488101	
109	-740.944995790363	-392.6685631038275	-404.82555217709654	
110	117.44452390915491	-43.95880810891171	-38.40415875564797	
111	17.5313906675188	-7.64006974614837	-27.391103929780403	
112	470.5304023175878	-478.401867238901	-447.7281816741652	
113	-1539.1316777225652	-382.1529166280195	-360.29570544900156	
114	5865.329599281409	453.02890730500496	426.6874052507287	
115	567.9589627050638	185.95383688036335	170.25776736974376	
116	430.21568437082016	-86.21396411677814	-52.001280940149634	
117	60.77876541566004	40.444533169410875	15.427282730608919	
118	644.593564192594	337.57203762627086	368.2314338038262	
119	47.97346812441411	70.2988502124655	43.104618054919044	
120	-91.87150894103837	-342.9032049884335	-359.58833134284276	
121	20.00769482134606	-19.50904560126979	-21.02562330752175	
122	-2932.984006342928	448.37257781470714	432.1484014075656	
123	461.3481794605403	118.36768853000336	97.49582470871214	
124	-1001.0901771351457	-180.94916181670095	-205.6012432529879	
125	294.7995446139558	-140.20726771682723	-104.97337125974133	
126	548.4905834790985	-227.51075802648845	-225.5431558736662	
127	1050.7327181888004	-194.0002735859643	-170.50298238565938	
128	231.01976980716805	498.12210818928236	490.7406257306037	
129	1090.9295317045408	-479.47691513179757	-455.1438217959575	
130	-313.76550234267506	-82.16555935528213	-50.48003257213189	
131	103.63609546276241	105.388589341484	82.68719554222493	
132	-468.977126317849	-439.8822823075437	-406.88234295078496	
133	-3.0859289570645885	-6.172971375257603	-0.24718664786426814	
134	23.008500818650823	8.176456289432963	-16.736985486391234	
135	-2652.9631142665075	-454.6710284951633	-474.0433294771451	
136	-849.9651248898379	-160.77879337305902	-168.7864073838659	
137	45.808860496049945	-124.73118545489491	-94.47475676679619	
138	-1692.893110882177	-282.78523549995396	-254.08955717456664	
139	218.57396955492896	88.72749929696951	70.6738868556159	
140	5945.302243224192	435.2868084165664	457.3147407345883	
141	1050.4511208408628	-401.4926955534954	-383.3531044321826	
142	1726.6711200341997	-203.70510313718182	-197.69285032857348	
143	251.13186963106205	85.46243199546623	89.84174581620464	
144	872.1468301111373	252.16848739869434	238.84625152598517	
145	1740.5656076694124	464.4243618863992	443.3677542520372	
146	1276.0322244253096	-280.86599098319476	-272.83404765556196	
147	250.7378979868482	466.2662851447135	483.89323263181797	
148	3473.756917245908	366.28975563771064	378.6314903522275	
149	1987.9187682059348	400.057605659112	415.5829126856491	
150	977.4897192376304	453.248165736305	428.97728876084136	
151	756.4692439587313	-337.9641507142601	-326.97301880669113	
152	395.1573610284517	-253.83723978260764	-230.6069126768009	
153	2791.284474233073	-420.06731803095454	-412.61567130525793	
154	17.51610367908255	9.571207836162188	34.8835962337331	
155	24.543210771348477	-95.4634329020363	-99.49917397445681	
156	1006.9345167893599	-410.45280222387805	-432.4468500055839	
157	-694.9354500477227	98.19869182708189	112.81145465983968	
158	-93.81088659798412	41.97141175165633	44.125021846440426	
159	-15.512660988835327	-16.471566203254966	-15.729372290787575	
160	331.51284698574324	286.20218327067266	266.2085930864121	
161	64.42173277907075	107.86584465566577	137.02229224699795	
162	1585.9912588397071	175.64765477186356	148.10640330373832	
163	319.67717559348057	-226.87436195009823	-245.02093121851638	
164	-95.45181524902762	-30.29300434794891	-41.1179041871814	
165	422.65136284793203	370.29839629290973	404.22476630128045	
166	508.29444412161575	207.88668881883964	200.04260319217707	
167	2558.502201957943	77.61996071301766	87.2729426627812	
168	4459.595073537848	414.60516139962306	403.85958049306214	
169	2313.7237627654663	427.3901193014879	454.5351505187508	
170	251.37469552884366	54.083431460850946	83.10421507525523	
171	172.3265431770799	309.41258821585063	301.2552813181516	
172	-1954.4917417367974	-381.25140524143217	-411.2630241456983	
173	650.5350182858206	-354.43315415746224	-327.584593568717	
174	-640.334612095343	-423.57331166890015	-397.47039439425885	
175	78.25264505020677	-87.15151298858359	-80.4138970911357	
176	1319.1237388993056	-479.62349029354556	-472.8099463399952	
177	2985.4585077032266	261.7961620078232	268.8249659049871	
178	-203.57671723819251	-286.6010845921705	-315.7177272835794	
179	-31.343536747930248	-119.85054344938874	-100.458304676845	
180	2297.07942751346	491.16215348672074	489.17513562201793	
181	6.44563993399926	-48.799463951994184	-39.59785036714152	
182	3664.2013610264135	497.94804398945087	491.5425723343157	
183	1745.20624052683	295.5582811557018	314.11217018490254	
184	651.0270903126321	-142.14010723839962	-159.22722729865282	
185	676.2068649731975	-296.3042153673114	-323.65717591286443	
186	427.33743847655523	-248.2461554975074	-222.90174283024123	
187	650.2914482207281	-232.25352453040927	-217.0755617135884	
188	-87.61062247272197	18.550381337472217	6.3008011316714825	
189	-103.00307940855446	400.40842236017863	415.932017701689	
190	1534.3378841228723	384.2963160099046	393.5613471065573	
191	182.9788658527081	-191.54748191591142	-164.1166606138228	
192	230.20984004921337	77.76261275270379	46.86323406821949	
193	337.41895934547915	116.44346971959152	89.41617347031125	
194	338.5056359654074	296.6233450160044	265.9748447917557	
195	30.174945511521546	156.89191530454877	155.09023644519377	
196	2648.175924367801	393.5112094170347	413.84206320596667	
197	2501.598780663331	437.38719820132656	454.24113957593653	
198	2908.4612754537134	-331.25419360863697	-328.60661953432674	
199	-344.3111649164347	-64.81707022152527	-82.03466037407816	
200	144.05638212136125	-417.3658581821622	-388.95512893866055	
201	268.77381830251846	-89.08986110933704	-106.83115621419023	
202	416.629997103728	175.09011461050093	151.1599184194224	
203	120.61232722281885	-417.45520245613045	-434.5191668544004	
204	-148.16675618267845	-26.818518251695664	-8.18254071089942	
205	-3.1215986493299868	392.6186997703499	380.6466563354177	
206	448.2578636484762	110.37985733029977	120.15371732232958	
207	-238.68630127028646	63.61067186284963	51.275468369740544	
208	191.4672409974458	-183.22150528950687	-176.71931092315472	
209	-150.14736053172126	75.95246730002103	48.54047691445848	
210	-172.33112509791215	70.40222515028347	75.01660594733785	
211	-109.35492597847524	2.2115913389243502	20.95814353773104	
212	1839.9584346554307	-449.2227642941168	-452.88979350135185	
213	687.8445701816993	-176.74701339306353	-176.34056391882083	
214	-157.71563605021768	-495.961788237098	-477.8631836842768	
215	-172.9723968576536	138.19107846480108	169.02774995918222	
216	-365.17880428370677	-226.88309090724988	-195.87615388430194	
217	-61.65170555825376	172.08727297129073	143.01014549025433	
218	0.18915577029957278	3.313490104966732	-4.8511458609118225	
219	1510.6228663022991	483.01217688549514	476.17153683780236	
220	-148.9112076448732	-131.9390933444796	-129.39365531726085	
221	90.19463717377643	42.94643153069522	57.61172701510008	
222	231.17764174207366	146.7526114765802	141.3458355490685	
223	222.04466625920236	-46.8877017554955	-73.78517698428594	
224	309.6007931388678	57.979771383154386	72.39235863390768	
225	-459.99806435777134	171.76890399067972	154.95440228233406	
226	1392.793796732521	-386.4673081261252	-375.4017476222658	
227	-241.1674872709806	-44.71181411838408	-24.541115330947118	
228	385.71934274699873	90.79127926215321	85.99504043460274	
229	-2692.522306745995	-484.6217108068942	-515.7535852400317	
230	-240.46438759336098	373.708264307744	386.2893344034993	
231	1907.8691227018767	487.6080577333927	513.9373344554119	
232	-1634.4724060506117	392.3056729648701	399.7961187267361	
233	1863.7265136009514	179.1549065950133	168.19394357719412	
234	614.3256556412758	74.7791389834083	53.71202352407214	
235	3702.9846780543958	423.7060532296239	412.398083018514	
236	-307.3152448137055	-368.57563732255824	-380.73254264924833	
237	-414.10161499585	234.78053684669973	260.78846422033627	
238	413.22280993552323	-67.00883061705319	-81.77176809982141	
239	94.13214148153794	170.04299314762207	183.52041295927037	
240	-2274.530193812186	-371.7177409183223	-345.36258165613555	
241	585.9862588366199	121.62896537950807	115.45916910984074	
242	1018.8065283155264	217.54269031366732	192.22923457069308	
243	222.75549883515114	106.16085220812757	91.03140666504845	
244	177.9235463572277	-424.10321262309395	-403.77357271213214	
245	-601.3098263303973	-236.48478329930754	-230.53414368653404	
246	208.31957145800413	-114.2982341021078	-82.37030633996724	
247	-9.497257786472282	-8.55249346224575	12.713890258558337	
248	3.580044898200404	-37.86921784020315	-31.96801911733565	
249	-275.9440553878972	-139.89919217899072	-112.10213811363558	
250	175.7832771722433	-74.06777969921471	-80.7230601300411	
251	2134.937503348611	-402.0644646921514	-404.5800572233046	
252	-1015.3789111596861	-269.99974520427384	-267.8446682071371	
253	251.2770387919481	76.4732464147113	76.92504392172965	
254	-824.7879714829805	-318.5202709508318	-309.01457134171517	
255	455.83414622583655	159.80583905719172	139.7471371670481	
256	1835.954031093488	-361.29193115867565	-333.88466755635886	
257	2567.440702486204	400.2612743334355	404.5535005117497	
258	-68.2354365934603	30.558602161908652	65.13533869755912	
259	292.6450986264318	257.02165570505156	257.9706219372733	
260	-173.9949700372022	-0.8116098238942726	-20.465388001015125	
261	1012.2241265672805	244.46843672459508	218.84368001924992	
262	51.491779225162276	-29.294117504970885	-24.42197103356994	
263	-26.131094038002463	-167.33483611719436	-169.6230937166514	
264	50.05841949525095	-325.6536233081542	-317.84457699683253	
265	-549.5127059301692	-107.03249732617003	-100.1688175425449	
266	597.6341525216121	184.21492417826926	173.66344182561022	
267	66.93174095980203	203.6158966535993	222.14600138388482	
268	1645.1472017875867	395.8430708452978	371.3885979654337	
269	-674.6930866846108	324.1550023547748	308.2310091952978	
270	17.729678995237403	-219.17022696871788	-211.8365507639426	
271	1866.0514415271914	-483.3304977291829	-458.7950302278354	
272	34.548807721596965	136.57583436767183	136.55331257884743	
273	145.14381693285182	332.7291492796927	351.20846318417784	
274	3443.798269053496	397.31803961248573	376.87542773960575	
275	945.1944581134499	397.5582617494417	385.26610840327146	
276	2102.4798462479575	285.96893760915395	263.96200125968335	
277	226.72936450993956	-52.967738333107945	-61.21687914662673	
278	-821.9830950599738	-345.90013744488647	-328.27401355855375	
279	517.466148560645	-324.86049615568095	-300.49570881874615	
280	-127.62295931790531	-198.0370305624799	-168.1352041390455	
281	417.42364365396725	-208.26536182233644	-188.41336239329644	
282	1554.4333427071504	330.4161221707605	357.40712633755004	
283	-402.95756969810435	-88.49600808158407	-84.40091770556496	
284	326.38713790959895	-436.43984462470405	-404.2609372591851	
285	341.6844074719842	-132.46271178978844	-106.46230147548158	
286	-1242.9593745389925	-372.5543394715114	-363.38601029589165	
287	73.95576837752382	72.46741552337134	70.28441613710994	
288	532.6167053246414	-300.26381325577546	-327.96803893397714	
289	455.4104493352732	371.090411557803	342.6124851124223	
290	774.1019142403482	-457.66546437653176	-456.4144978420985	
291	1474.7794968406463	481.8423778140931	491.7963180481431	
292	322.929389928243	-323.9479095989067	-335.53578234694504	
293	881.9906747158475	208.14048699694936	190.71294152509503	
294	399.17699620686557	-87.00981993700495	-60.27898877709552	
295	-98.24343064895868	-103.9473414590443	-106.80815100374689	
296	98.37360381539735	-14.29123329920209	-43.65581197279239	
297	3915.3344520072465	438.53021847688706	470.1723566647469	
298	998.5871745965707	263.8934006245854	285.4983350897263	
299	2929.910017243161	317.39105304195675	320.0922189620792	
300	475.5979743778793	109.15613790928788	140.52431848163477	
301	1241.6286401564266	272.947340977436	301.17139426066376	
302	743.2962488116339	-192.65593014681593	-180.424592148141	
303	38.14206306875161	62.48354400840498	74.43716877844906	
304	193.05175854780896	74.01312710536232	89.44114406377632	
305	201.9746376725389	-158.8073501761825	-189.10431351058858	
306	58.46787066798093	19.215704486575618	39.42770944341193	
307	1567.147223005828	-386.7287254778231	-370.51864971329894	
308	26.619303613917953	14.974599843634238	26.278688767129218	
309	4237.606783456787	457.7558452352208	456.1377549260297	
310	3845.785632523823	-489.4390616871068	-464.3736165038163	
311	-8931.800882329797	-312.6945468887995	-328.79474025719713	
312	1046.527312995753	345.2201206166711	344.6396545521213	
313	341.83264342246713	-332.26494432365246	-354.97751046618566	
314	72.1956373212939	49.55390614356624	83.81814013407171	
315	130.91187135378613	34.74058890616547	44.026023996913736	
316	-160.66621948778052	-47.33820941145758	-61.297038627895695	
317	-981.6052728976639	-116.06843813488986	-95.45151470353024	
318	816.69987269253	-342.22444626780026	-334.4679876771528	
319	1137.7621147478292	224.06104074902942	207.28297427171063	
320	41.96658771621342	25.387632697713585	10.34495339153166	
321	-37.18231842923574	-5.548133745652635	-10.304276052461585	
322	1981.8659254775664	481.2021575198409	507.75193386777266	
323	125.22371886209952	-146.3412277246374	-138.35663035702584	
324	-8.641075910471894	-44.7300346972753	-24.17931530923958	
325	887.8038742967879	-290.8531687441991	-268.907718159629	
326	567.4266400648978	489.06770288906614	475.71406387640855	
327	272.6945172006116	470.1979806690281	502.548359006672	
328	1363.250803719445	-169.98899922749388	-198.4675446031348	
329	43.02278909701933	77.35397041338409	54.66592914017531	
330	-146.4955684227332	-18.52844365155093	-22.259007076133077	
331	308.0925853956751	454.38723590938963	464.8606238292565	
332	-1043.2216183091311	-315.82087179364703	-346.50612019032826	
333	400.00397509756044	-212.89019162793554	-218.73697310981237	
334	1317.202121757707	453.3214506751625	484.5216230566349	
335	20.38538503998499	-1.3194891082309823	32.62882339962265	
336	806.6781114080001	-445.023354434906	-420.37725326293764	
337	2058.651006290223	445.561257954496	464.37506405158814	
338	729.8412500280959	-448.62725565688277	-461.63704144068663	
339	-113.58776441932477	-49.440783352128435	-77.4358269750659	
340	132.5781535335594	-20.19667804826156	-37.433295319079846	
341	257.74493569066993	215.50430176631338	243.0953278374008	
342	52.33134922786671	22.939830490995234	-2.3602010152026764	
343	2041.974334485477	440.3421201549015	473.6119771667659	
344	235.6690649739737	296.25235736340596	330.5200389944458	
345	101.84391260270043	-113.8365771286827	-139.88999182225606	
346	-1832.7334481378748	333.9037730373465	341.9333833946038	
347	842.172749832345	-216.03820523983043	-187.37004995372286	
348	33.25645282109749	-421.3394039179218	-438.63147936180184	
349	183.82683226985716	84.15661985646338	90.44639193637849	
350	934.1591081614457	-257.24181117806165	-273.3446224148854	
351	1469.4294020445986	433.579717965285	457.55170808082505	
352	817.7299768853442	148.10413019249395	155.29037433717068	
353	1183.7669161770332	450.63182439075536	470.62836410424404	
354	327.6357745067134	-437.112591111077	-415.64542021243057	
355	189.31037699874076	-286.99974439798814	-297.2442187115208	
356	541.7261900423122	-295.358834176348	-320.24079693721353	
357	27.624320591242082	-367.5235065926433	-336.60201391069194	
358	3145.5613444983937	407.9824666058897	424.4343898140954	
359	811.1257768546468	303.1585951650038	323.89585351479036	
360	2.4991651010918847	-1.8089919792820552	23.770221530264205	
361	15.722238761375834	-193.1629455724003	-220.32301107759238	
362	5265.476211743438	455.30208437552005	446.3333743747794	
363	1122.459518523025	275.6819728740629	294.6687362922523	
364	-1320.5882397015152	-156.90569567831545	-129.1987107054923	
365	713.9995709690052	208.26426606945958	216.9150908011523	
366	2317.2435835530405	-281.8068507454195	-295.01131510179385	
367	-68.82911146861318	-20.43155871691205	-39.67354134946439	
368	1236.117766045158	491.75170907527854	508.6535801855176	
369	190.63025992695546	246.93753351860806	270.81527495450723	
370	2220.477633529233	493.37122546508056	468.4360417206769	
371	322.0991548023331	169.90130412633093	144.26371675577218	
372	99.78951952096834	156.62908209607124	126.75120100113335	
373	2554.1841050988896	-449.4213654837304	-430.83859552805546	
374	3794.660368759902	325.4617169614852	301.2393558242126	
375	839.9414359887586	-140.37472102633905	-162.0993495344391	
376	2285.4281347438828	-498.8340796117933	-511.50262509106454	
377	-63.94454767510765	-378.37588879184415	-372.2999624440408	
378	3941.741751709227	424.8779706219648	453.39993396462285	
379	-86.48920334598745	16.637735550284702	15.831040011534157	
380	633.1283957037282	257.2166537025105	244.64667856995655	
381	95.32913517624208	-101.41101868518831	-120.65429305170366	
382	-381.7694459739254	-284.9023984768865	-264.34582587653773	
383	-83.75624411754104	-78.76763503605787	-87.00367629790033	
384	1516.3786329709517	-426.3845145079763	-452.9665650241596	
385	-1087.6261197834906	289.37613104026764	304.3113531217259	
386	2771.0509354844767	478.67434574639947	465.3027787170476	
387	-911.6598438032217	483.5751671275901	466.9182796809116	
388	2386.565636372746	-494.9957573539755	-515.0800236367892	
389	-694.5814762001795	-211.52835384508683	-203.95496920808864	
390	426.29745916735953	101.06383955722855	116.42737959946777	
391	-328.70704341884453	-27.192538947082383	-54.78755104021968	
392	706.8300210946567	165.5812848898769	170.14196568209627	
393	159.63536159299977	42.979545711339	73.31739147151984	
394	716.5260285588164	-391.8601568281991	-358.1832544946425	
395	918.3532709678565	402.2654086871569	379.26410332189664	
396	4.020609706959079	-93.42984193211954	-118.29060265410104	
397	540.9407010245307	95.10190057663692	122.31999771287512	
398	8.022761267108963	14.602859895471028	24.68911668799128	
399	2704.758780349501	471.5424335198894	483.75582651101917	
400	-790.980435735297	-393.91472610873853	-407.79874169026834	
401	3048.37982607793	-416.59577923261	-392.4777395498578	
402	41.70791072546785	-217.82121564457412	-227.36469648862993	
403	843.9915945153731	351.64557478431266	361.4971906560261	
404	2170.367419876246	-250.7910295804653	-260.62371427297876	
405	-487.6456829135597	-52.280037934407844	-81.45980047272388	
406	5031.759543127462	446.12541151526773	421.5000291364033	
407	608.1266010705772	196.98469611077172	200.02327473694757	
408	-737.4391260325646	-82.5144501872046	-96.15072231749826	
409	215.80473114360004	-211.68180534382796	-238.00280098940365	
410	-945.9557752362474	-130.36296954774585	-158.19353239992208	
411	1716.9653558234702	228.01626413272018	241.81871815692878	
412	606.3937502106331	-235.44589508221125	-238.50781927512102	
413	1061.137164327557	-345.8802392070754	-356.2880537660393	
414	2026.937341001022	282.9605404200423	282.7177975870027	
415	-49.46938003728914	-198.33254059333183	-220.40690997047247	
416	818.7241056676422	107.96748800619781	122.38114143311036	
417	-1229.2665028407168	-366.9454640193022	-335.2529994963122	
418	55.20931253192897	-257.9729872011701	-249.2642810433445	
419	200.02273868656576	-301.2146194031725	-287.4262341102814	
420	-816.0316083162628	179.53864811232918	211.76865506969818	
421	-99.70854210850739	-73.92036230431074	-44.6237030565505	
422	2472.127985784846	387.27479395249145	421.69184873598584	
423	-1422.161195204371	295.6549369131102	296.8726023213504	
424	-1300.6445534647307	323.9895597723978	307.1261744144233	
425	2.733121369253624	86.40194635338304	120.57421200392722	
426	-640.501832890638	-374.3201787848393	-390.2484984943705	
427	353.6885114250516	-309.3185793170397	-292.23018137762676	
428	968.9034679931253	-232.8632944855474	-215.6134333666596	
429	-1110.956050958625	-264.3443351231217	-259.5303822116108	
430	1539.5555906387233	341.752263727449	356.8386480468021	
431	884.580742106379	-162.83343901027322	-187.98443696372934	
432	313.7848294164633	102.20642149504279	92.77370117379253	
433	3785.049311826193	373.67176451184673	397.1378773107274	
434	217.04585943966168	160.9578187648475	163.21322060193663	
435	-379.5288853987476	132.38653663807952	116.12425660167997	
436	1306.507932763397	-171.18333298783753	-180.0763770295968	
437	75.05431153813471	-42.65892980802491	-37.56398806979643	
438	-245.16395819555132	-158.96385432807512	-176.61025119625322	
439	1391.9098830820285	-383.9637400035929	-366.43176671677804	
440	-14.14574547420178	-0.932041754163393	4.706732956471635	
441	2465.6848032777984	-347.95728900484494	-369.95243389124334	
442	1429.2661789069598	-291.158918234428	-276.43176708013914	
443	-1401.462177137634	-192.4235688488214	-169.4948066984343	
444	-203.3554632549004	-234.5687385096953	-265.5949021031061	
445	687.8326606068239	-295.9828518162957	-293.4974686503259	
446	369.66857813345763	94.99704187989941	76.97218597231085	
447	63.949513451776106	-143.2423917614866	-124.0162049969061	
448	1231.182572652187	-497.18511805543164	-498.90852383548116	
449	280.37822542182715	114.24057241498467	117.52669272364912	
450	-665.9091825008334	130.56343495604352	99.48168718579302	
451	3529.3635978604034	428.749167336593	459.30901714166595	
452	1380.861586239974	-224.60544060642997	-237.40593567221396	
453	282.80353553906536	-100.57979169017216	-96.45177837372765	
454	1365.7229857347659	-395.2126247891007	-419.64259001755465	
455	1567.6784352238767	447.90306350547223	468.15703690889166	
456	-1377.0066219117732	-290.1820475193565	-283.4872591416889	
457	2528.3608914621577	328.6602556180071	336.61828912368634	
458	2051.551741203045	432.1581669154973	423.4581780160971	
459	-2084.188675057278	-400.15878195564966	-370.58140149820866	
460	785.5902863945321	243.16607025266777	248.36758312556358	
461	951.3899677418972	314.0947907725763	308.6759274168667	
462	32.68995268278162	86.55958166232615	74.13395158686518	
463	1299.2314989187769	165.58928858637316	194.6462511438623	
464	1659.477531076594	187.78909699552997	168.08744029613325	
465	1568.6804028497154	385.39485805752065	359.6496593959909	
466	603.7556800702155	-325.28570576636406	-295.5466672878764	
467	481.65431009128963	164.12525690585895	173.94694014396558	
468	1013.4809105737545	-296.27647493761145	-307.9425871461083	
469	-178.84403916965098	119.57137314951481	101.24941590268207	
470	418.5872168856402	-375.4402049328986	-367.8717333276828	
471	1635.9828357840013	183.54828188083587	173.2478586526953	
472	-16.27327500352729	-57.51177664906656	-49.264077373704595	
473	-85.7360217784917	-30.628391059814604	-48.49009400837451	
474	-1584.8832775192484	267.071809094782	243.16658013030164	
475	413.54218856785934	102.35006587769377	130.3185552353261	
476	-662.0548141567964	131.16386417727688	149.1509673654878	
477	4949.94058886968	372.7133641335463	375.0680611365997	
478	416.1851518180317	-172.96866714301672	-179.63491857393834	
479	58.29191887113176	-129.27351274659605	-127.06498585100402	
480	1808.0032277133073	173.42431981183609	145.5030790308677	
481	1028.0714173046408	304.2706123044986	273.0626081897862	
482	877.8099431978732	-319.084362117762	-308.3948530110212	
483	515.7815552061237	-6.445546418580719	16.981184760673628	
484	-100.23599705282459	-50.13433581346902	-40.317811103406896	
485	3873.1904333031503	328.9459882456657	314.7334772954038	
486	-2979.336241953779	-491.75845596865264	-479.99058871823985	
487	-5.087246709192621	-163.34887392850405	-150.24925549430725	
488	2442.3747745412115	314.79083897555853	307.1560980356309	
489	-439.2192586911256	255.316524163957	263.1246481347309	
490	602.5943147441802	-239.00417123775264	-238.21539427019854	
491	4043.4668085001404	480.7095969018019	463.5607535858761	
492	1150.8833075687767	304.869598663392	288.5914113218827	
493	-564.7719954155722	255.9715632527545	279.3717455182505	
494	-144.84263409167005	-18.374089003972074	-45.89521895583965	
495	164.64613075514004	49.67597614270311	76.44403407763883	
496	532.1257588666032	265.32762540932737	254.8786117599102	
497	40.29738053972082	159.01554072206423	184.9229469060579	
498	-528.4407755795626	-144.4518977353183	-117.90930586807728	
499	507.3284840676843	206.9823807794026	176.60737914366223	
