InstanceID	EndpointPrediction	BestPrediction	TrueEndpoint	
0	2.473411043916918	0.08440071961419593	0.16603690022582873	
1	5.868405947107272	-0.11380203366199353	-0.20745638564774427	
2	16.422620760248577	-0.6805957837490264	-0.9276096083324908	
3	2.8640748742558455	-0.6644103020569384	-0.974159536810855	
4	-9.152519415452344	-0.48887591857506374	-0.7319160080951591	
5	7.940692226759373	0.7748337799869011	1.0655230336968742	
6	7.85771745353588	0.999978166632391	1.4130945207768764	
7	-14.626848444701384	0.9976473775273628	1.4133259214252711	
8	-10.893843616077504	0.34545221913744845	0.44425297463518465	
9	2.5524689618010514	-0.8029356970437098	-1.1069366734465682	
10	2.984316731630922	0.6099183480602678	0.8249062029951459	
11	4.226228597756048	0.17084986168864683	0.19526562372664724	
12	8.022387062488962	0.27578701534855404	0.3447170040884934	
13	-1.2530001986546226	0.8765775262965568	1.2615612805028174	
14	-0.8071853325848166	0.6537892875804243	0.9595840815334192	
15	-3.651887713760269	0.9531762153338914	1.3330668649664081	
16	2.801021357308195	-0.841204479399468	-1.2143528271309374	
17	12.594024990405227	0.9950382955035861	1.4110894440235475	
18	-7.806856465216952	0.7973040567532803	1.1552511712287985	
19	9.174534824334469	0.9063035395086991	1.300826630309053	
20	12.054223415525431	0.8599569008272855	1.191552540382268	
21	2.0236954999021433	-0.37399921406381753	-0.5721287748030324	
22	3.7116947907149043	0.6663832566840556	0.9768656844986504	
23	-1.0952042474359178	0.4181096790828076	0.5483587435678567	
24	-0.954634422356172	0.5577811463017599	0.7494534224632671	
25	7.889970030233756	-0.33796099862242407	-0.4335368482173015	
26	-5.6880396039404655	0.3542824060249049	0.5446219866183867	
27	-0.06735334685605689	0.49879893274635506	0.6643629128651701	
28	1.5643952502658682	-0.9172732122512877	-1.2778243575568133	
29	-6.228102906348314	-0.9510251237469766	-1.3297122305547866	
30	-9.613414691891759	-0.8456097531721896	-1.1701744577394186	
31	2.453544057188526	-0.7979622016707764	-1.1561405879958813	
32	-8.404216732554836	-0.9655768905981059	-1.3525785716989314	
33	2.755639667447998	0.8753732886436725	1.2599617565725612	
34	-0.5364874277807329	0.9955457450214874	1.411562156395148	
35	2.6564408711297283	-0.501419658666637	-0.7493104134733057	
36	2.201608750139221	-0.042361891192275986	-0.013008587727081022	
37	-5.340692980069109	0.9452033179877983	1.3206687306434564	
38	-0.4541788076685101	-0.2462180283308205	-0.3025480795810883	
39	-2.210936118502174	-0.37800148966031205	-0.4908517926613035	
40	-13.963232064090883	0.018668700996041978	0.07328814313976029	
41	-4.463782872102527	0.7071050147336904	0.9662772524188276	
42	-2.8033781285109716	0.6469714642152136	0.9502213645263432	
43	-3.7621061715715705	-0.43340332360283934	-0.6548622614257504	
44	-4.588796560249949	-0.19340356575820122	-0.3193870735005955	
45	9.964917314696919	-0.4281011880563369	-0.6474867509214836	
46	-11.555471554701118	-0.8612171216099176	-1.2411157923990614	
47	-0.4267178689642313	-0.01026308212022188	-0.061413048775362244	
48	1.0686463477173325	0.8650075963150244	1.2461694835946933	
49	-25.555073669216835	-0.36568417676304477	-0.5605312758624206	
50	-0.24833649830269924	-0.9932153264143497	-1.3983905876018634	
51	9.232195577781734	-0.7443601482259756	-1.083429981188965	
52	1.299645821668995	-0.9899859576684339	-1.4059031527329373	
53	-11.291669369765575	0.3626672369708531	0.4688910272983399	
54	1.520704575966531	-0.9990486624780157	-1.4100450237302136	
55	7.196193817292496	0.33378366159952233	0.4275625767222328	
56	-4.168802420978737	0.058758666500413725	0.036223309871189935	
57	-9.304537117577269	0.8983624531823579	1.2903824060382378	
58	7.37828246246875	-0.4641231016643979	-0.6975589013267955	
59	-0.46514874547474505	0.823008434584146	1.1366233637265533	
60	11.150919201763676	0.8440890998761778	1.2182182936876216	
61	-0.9139855938350292	-0.9754903074219423	-1.3891145323177483	
62	2.688292505568723	0.9876898716161481	1.388698008643889	
63	4.593063536538929	-0.9546355472084352	-1.3632841401261893	
64	12.970116816933952	-0.3128914961640851	-0.3976979576825456	
65	5.938217985190809	-0.4036617841812285	-0.6134675609780147	
66	-11.798023859222486	-0.529674152801735	-0.7884487154051738	
67	-12.020984079256307	0.23140386134292787	0.3727104930130874	
68	-8.214782309258583	0.9936074678846618	1.3991043261668166	
69	4.947866231870429	-0.1101936057969447	-0.10912789377613075	
70	6.805754072286135	-0.8949802195339922	-1.2859232076901654	
71	-0.7159917241999866	-0.5138994886954008	-0.7666048844804938	
72	-2.750650527192131	-0.6679034229631535	-0.9091261522804722	
73	4.022125416363812	0.6596163069818084	0.967582171730166	
74	-1.2962683066630423	-0.6985701752093505	-0.9538182220541037	
75	-0.34976203102369546	0.9849415200090118	1.3840411216855704	
76	5.939217177769459	0.7437176370712013	1.0825553969517596	
77	-8.015745160685519	0.6626006105948966	0.9014093249939523	
78	5.716887980254724	-0.9438059084963238	-1.3495121839071957	
79	-15.102810325547306	-0.6453429109930459	-0.8763167909108444	
80	4.8439225425898425	0.9372674824789509	1.3411201073416956	
81	-1.5573031084380655	0.2999309863720485	0.4686827151969967	
82	-1.9316349162878794	-0.1499695028821986	-0.1655933972160164	
83	-0.6572702702623858	-0.03974030037731078	-0.009298085965151581	
84	5.596759557069404	0.0058837671724797065	0.05522482876401491	
85	10.40820256659073	-0.8620217700715797	-1.2421890345545963	
86	-2.6063353960795683	-0.0009913619577397973	0.04550806707481325	
87	1.354998441336142	0.5975216750308548	0.8069438990602524	
88	-2.3104629705926074	-0.9006979485324005	-1.2934578870858249	
89	-4.413602399354898	-0.9269638567494566	-1.327801552628554	
90	-0.15028996215330861	-0.46131943088708277	-0.693664741559969	
91	-5.163404317474689	-0.5818923689691895	-0.7843175070247794	
92	2.3979499636341743	-0.9951102321638844	-1.401890728963457	
93	-0.38081019449874187	-0.7965645525271524	-1.1542516952979083	
94	-21.856414995519987	0.9771464035033036	1.391104670417467	
95	8.959342095047054	-0.9669121506288179	-1.3547008079229763	
96	-12.115059828146993	-0.8690395313821705	-1.2515392421769418	
97	-8.18412773152547	-0.676018537414964	-0.9900752580229925	
98	16.87380246522849	0.7160869373889398	1.0448858213872563	
99	1.2969841365887567	0.9936903009345126	1.4097782983301834	
100	1.3959767384347306	0.8639817424909212	1.2448022709671824	
101	0.9642992088859608	0.9918407676096931	1.4078829481485287	
102	0.33206504797609615	0.9951074064032083	1.4111545901780675	
103	0.6256650364990922	-0.6331571680628487	-0.9312356312195543	
104	-2.6442806339370275	-0.7816060278543537	-1.0754888600108345	
105	7.505104125325984	-0.06189708133106269	-0.040668154106973775	
106	-4.5454062118666565	0.15728420198627766	0.17598559883684572	
107	11.14360167766648	0.3437742116535733	0.5299529294770984	
108	-2.791320012346924	-0.7224060936294799	-0.9886379768916633	
109	-4.717260409380053	-0.4431411921535353	-0.5842994879964936	
110	-13.772977346343298	0.13325758416177888	0.1418600288875147	
111	-18.335602764302074	0.404782257333792	0.6150280488865201	
112	-10.619949163546138	0.777300400556573	1.0691518306818302	
113	-10.957019594444873	-0.42050108772581385	-0.5517906572954601	
114	12.758222792354108	0.088479677652297	0.07833496801001338	
115	-1.1526208859978841	0.026086714824598713	0.0837652373202109	
116	-0.09376367132182241	0.9979938354225409	1.4135696595201708	
117	-0.2596492276772003	0.9995915475109001	1.4141986425444566	
118	-0.6701391026523053	-0.7740970209568382	-1.1238328404192406	
119	4.770116015531038	0.21925024318774528	0.26412809677241755	
120	1.493838492949976	0.7904040359047539	1.1459209975126952	
121	6.398545085780379	0.0014663303936582061	0.048981828968287955	
122	-6.105866663481196	-0.3910298608842688	-0.5958697342904673	
123	5.914333500410587	-0.17488156467598298	-0.2933702063514476	
124	-0.2039936355723918	0.6056610212404961	0.8933895144365676	
125	-1.4686886410049242	-0.047972950192147715	-0.11466197054694538	
126	0.6383819862879577	0.2527156871764139	0.3118106210487249	
127	-2.7594224994124774	0.8784317049620721	1.2640228897703696	
128	-3.085615379494864	0.2209877792324191	0.35810149852899453	
129	9.488093852996496	0.7242189647961779	0.9912894322476876	
130	-1.6609693051437713	0.13779276449418246	0.24122301767675003	
131	-1.3638933108617635	0.5027421542579935	0.6700434162480247	
132	-1.631740147080635	0.7473713386764523	1.025194219341921	
133	-6.260476992750466	-0.07989042597375327	-0.1596793306265094	
134	4.3861714886469825	0.8538083844808769	1.182382562024116	
135	-6.3345847936539625	-0.02223995108277147	-0.07833244695926522	
136	-5.594080807129735	0.9920799821455076	1.4081331004799327	
137	-8.813040023907602	-0.9899024178466254	-1.392513661200596	
138	-4.868158441813194	-0.459942814132018	-0.6917524956900922	
139	8.960824429256288	0.9958268051946447	1.4032557236856542	
140	-3.4421262730836264	0.8624971168903619	1.2428229438793363	
141	2.9753090048565807	-0.9942387923628933	-1.400264158868299	
142	7.896422711062824	-0.13054438231222557	-0.13800815784696174	
143	0.9003961312925807	0.48778391207913124	0.6485008658729285	
144	5.436949293750713	0.9988921107487737	1.4140769361684173	
145	-4.9302186848470395	-0.999894874787643	-1.413966939904887	
146	13.746845499507737	0.715229072337481	1.043714517872698	
147	8.09547141387808	0.8104365411649874	1.1180189465843262	
148	-1.451891059969367	-0.9634543506939837	-1.3743461658419467	
149	-1.719184132632751	0.12136348434375722	0.21810200886894637	
150	-6.011586554044051	0.5854364065794728	0.7894462753543849	
151	-10.540904156153974	0.2703483148371753	0.42728240196828016	
152	-7.320026492727516	0.2159629871695777	0.3510520515034916	
153	-11.320301979729857	-0.9954298602997038	-1.4024961333845298	
154	8.594437345128446	-0.9999763479609945	-1.4130792982738378	
155	-5.960401433940536	0.329954326833886	0.5106513615562325	
156	-0.9856809382668994	0.7575993051152023	1.0401990012756412	
157	2.8403101576873016	0.9709165783987757	1.3610968867028908	
158	-2.357637293964864	-0.929051434406423	-1.2958000196099513	
159	17.122337856698902	-0.46863255517820307	-0.6209424537407503	
160	21.000773812188648	0.21606840426146118	0.351199957711279	
161	-12.818264358388296	-0.8973032675123016	-1.2475737098025268	
162	3.8788581376250573	-0.9970091466195257	-1.4128333046476413	
163	6.144047782125113	-0.9628011659013725	-1.3481818050552854	
164	-3.4917531857214454	0.991790961657927	1.4078306999981482	
165	-0.13964895333053	-0.5768115432833305	-0.853604984410955	
166	-1.496290179977797	0.9893594900563599	1.4052205971620544	
167	-10.840269892250067	-0.8888843610193723	-1.2348899449520383	
168	6.52136179957954	-0.9951271989199579	-1.4111732046586094	
169	5.254862591430839	-0.12298624892096707	-0.12727991475263145	
170	0.7665109893788363	-0.9973982668479046	-1.4063763735759085	
171	6.938864045859915	0.6622987656534387	0.9712628228288673	
172	-8.99546915141727	0.017667644999320692	0.07187406849445188	
173	-2.4131611285386523	0.7678997104934465	1.115425308193943	
174	1.808331997986773	-0.9681644612970131	-1.3801799868943085	
175	5.13876512605019	-0.27925615510091095	-0.43975363009313034	
176	-2.843523057273807	0.2148050500657212	0.3494273626834582	
177	-5.375208753168431	0.5642483494516133	0.8362571399767	
178	16.76812300365009	0.8561423469998046	1.1858619436951368	
179	3.8908667225448466	-0.9363988468930083	-1.3070769981184243	
180	-6.575674264724504	0.5320509643258577	0.7123009497037069	
181	-2.463564198583234	0.9326329465787941	1.3351425102397139	
182	-1.35209070734802	0.06194462467976853	0.13437395381157058	
183	-0.3319412493759733	-0.934906893082155	-1.3047826688142259	
184	-0.3132714083523976	-0.9760729243792113	-1.3898161076852844	
185	-7.88435954874624	0.39430791176317975	0.6004373926778732	
186	9.450544750275533	0.8966142996257592	1.288078380716576	
187	-8.339554571798946	-0.5233508413451903	-0.7796948246353996	
188	-9.111422897097318	-0.08095470087575792	-0.1611795863084402	
189	-20.945209891228675	0.9276207251996915	1.3286536644148499	
190	-15.307223371137876	-0.9814688724978013	-1.3782539688126003	
191	10.396078315596084	-0.02107713639837231	-0.07669006525010258	
192	9.238583587199926	0.949690646679918	1.357017847023823	
193	-11.666147655865755	-0.7621806077453783	-1.0469255981638323	
194	0.8213860551074467	-0.3321271085497448	-0.5136866910334499	
195	14.182495373795854	0.5875548270416241	0.868429053194304	
196	-3.43840409382431	-0.95606539242423	-1.3375850023540339	
197	-6.0365355818178985	-0.9982655536743396	-1.408222197844196	
198	15.492828666033681	-0.9850329533187713	-1.384194829661054	
199	-4.8414459632093765	-0.2486430698543257	-0.3968770444441613	
200	5.706720401371274	0.9977526701247842	1.413402041650806	
201	4.516250089868576	-0.9730411100777793	-1.364511934359006	
202	7.660643667051644	-0.9393075245786534	-1.3437439453231859	
203	-0.8620725790931761	0.5198999694891773	0.7749162117886855	
204	0.29177230887258937	0.8637890388649198	1.197274540882174	
205	4.125978237982914	-0.8082042797948996	-1.1147195057997108	
206	1.811465701917215	-0.34847019340457736	-0.5365091269357604	
207	7.661918827295226	0.14587184499477202	0.15977287327326173	
208	3.2481979681739506	0.04497370607065625	0.11042927838116245	
209	5.536951259774309	0.426850252398534	0.6457463817603444	
210	-0.47294450996264037	0.9997401667088175	1.4119988176096216	
211	2.823906612063669	-0.8808383696719162	-1.2672157710912888	
212	3.1026233202357747	0.140179958480537	0.24458144559622885	
213	5.2434311312611195	0.9829393615868811	1.3806932238529521	
214	-3.0381454610693486	0.5874672024297403	0.8683081857295858	
215	-6.761423734856301	0.8100384029119919	1.117430385316558	
216	-6.742685308450769	-0.6360718576845542	-0.8628498273816481	
217	3.696565086907032	-0.26052767063088306	-0.32294965413151955	
218	-8.919982570623349	-0.5578338449645556	-0.8273945925824173	
219	11.173140527186694	0.6486290714077054	0.8810923649756521	
220	9.995931539916494	0.34699471572659407	0.5344493044080045	
221	-0.1748216056170908	0.988996182824964	1.3909423625471555	
222	-4.35785131051987	0.4350070656117897	0.5726159515863309	
223	-6.856417889756483	0.759230425234842	1.0425935183380566	
224	-2.642586022609055	-0.2608902390555337	-0.41403626367050195	
225	-2.659601211284049	-0.006074320116101162	-0.055494109586539886	
226	-2.7826671225201465	-0.9627787689931048	-1.3481464055424184	
227	-5.662732797360854	0.3224667450228573	0.5001893574607279	
228	-5.565815545199149	-0.8597687418923136	-1.1912717238260468	
229	1.834135970310066	-0.04831573443118221	-0.11514569886222281	
230	5.996328004564938	-0.6225401544543733	-0.9166309284211017	
231	-13.530516973541625	0.16251696971713567	0.18342153961511665	
232	-0.6655069027211753	0.917219193128227	1.2777421697657025	
233	-4.714183311804945	-0.9473069909395495	-1.3239308712554172	
234	-1.4835014935407311	0.03343160162856643	0.00037031364518513854	
235	15.679706561739902	-0.4677134584273537	-0.6196205269029115	
236	-0.7121505877304455	0.6060973493187551	0.8939906480855109	
237	-7.181745809267569	-0.24959893333002317	-0.3982165617279391	
238	-1.0517412935476387	-0.941084464841223	-1.3142986606385758	
239	-1.5984699848227397	0.7477204176570482	1.0880029054908193	
240	-2.1976448346282047	-0.6983315405048345	-1.020622982004789	
241	-0.24443862398427543	0.7035353666625779	0.9610651777857289	
242	-5.38765574909451	-0.895697737506634	-1.2451519965251863	
243	16.663388572197142	-0.7760628852228734	-1.067331103649949	
244	15.059388157237318	-0.999979828104017	-1.413704799320834	
245	1.332193459942892	-0.8845608738565244	-1.228389950194738	
246	12.039365939183462	0.04166357802018333	0.10575735901731076	
247	14.603595242630758	0.12568310454706738	0.22418229000185996	
248	6.280431849717766	-0.1490813498222254	-0.16433174981918386	
249	3.864235082624894	0.03571146479774477	0.0035964523932922043	
250	-6.440928091770252	0.9351187532933862	1.3383514991494003	
251	-0.8836543519731338	-0.9326240025059626	-1.3012765321237976	
252	11.485096004881305	0.016874029169911597	0.07075298687341536	
253	-5.37752565639111	0.9512008319626258	1.358935814241572	
254	0.7315750443911848	0.9560995227410991	1.3651312797775454	
255	-2.137986941243675	-0.12000199832481828	-0.21618540070788705	
256	-8.08417056408724	0.6916884233665495	0.9437791529493162	
257	4.837788806399185	-0.19777512451210333	-0.3255250903031305	
258	2.2264733468113023	-0.37033208065282824	-0.47986642059914086	
259	8.011928784234753	-0.8207948484777721	-1.1869361463576173	
260	1.4453196137643367	0.7122834714833444	1.0396919143481103	
261	7.895257039454907	0.9263787597702711	1.3270422222304326	
262	-5.730664166013497	-0.7811288442457611	-1.1333638923591731	
263	9.34860780568108	-0.9943604074217648	-1.4004892551705408	
264	2.661891164555411	-0.37971742058472835	-0.5801019557536217	
265	3.690259255258142	-0.4554503588740849	-0.6855111850417029	
266	-10.000204306006802	-0.9697012098905308	-1.3591503134307321	
267	5.197549591886509	-0.9214712180021668	-1.3206617688603695	
268	-17.121755758283687	0.5207444585113825	0.7760857054537602	
269	-2.7022503315052018	-0.9335616733493011	-1.3363421665362412	
270	2.27695379534086	0.054673340212473526	0.12411638593226693	
271	-6.7370174676056624	-0.9681746761601057	-1.380192571451647	
272	15.133674348361888	-0.9952923180826007	-1.4113277376107303	
273	6.724632476259473	-0.7849327567290012	-1.1385158325493732	
274	13.223628417454588	-0.9493829558772463	-1.3271562383968716	
275	-1.1013818194434672	-0.9055938830105071	-1.2601020230575362	
276	-9.378748659770219	0.9166843993728757	1.3144196671493822	
277	4.495715791638485	0.8882636524348575	1.27705029689194	
278	2.08122822084687	0.9276589811373366	1.2936687319886833	
279	-9.114869516151215	0.9153267906308615	1.3126461909346685	
280	-0.8295386082328953	-0.6149526881833229	-0.906186872293187	
281	-12.470870783651291	0.69079776069298	0.9424802927158048	
282	6.87448402816476	0.204403662725656	0.33483026956590234	
283	-1.7148838488126288	0.9559829212799209	1.337455824119789	
284	-8.188635848566609	0.19047283964303058	0.31527156887438545	
285	-3.1596757181263335	0.08514127523156742	0.0736027057383215	
286	3.275269580504157	-0.36674321093347617	-0.5620086010251699	
287	5.887299849301896	0.15346827368740665	0.1705638761185433	
288	-6.980705242041884	-0.9746261807118872	-1.3670709813229278	
289	-4.022829597974853	-0.8333207614610608	-1.1519140410294555	
290	8.730054058203505	0.9252670877413709	1.2900117531545352	
291	7.961004495237004	-0.4201093367258237	-0.6363663525909853	
292	-5.499940084162845	0.9989513782384399	1.4098055202418942	
293	2.845549159808572	0.9778409923032535	1.372294617380175	
294	-3.7856089805563147	0.1593104120344417	0.27148518531210175	
295	6.959470243874624	-0.5454354144095478	-0.8102548784455321	
296	1.4647575312781835	-0.766023952487337	-1.1128792135164989	
297	9.641791095098123	0.888602840687694	1.2344664308310658	
298	-5.425179560789893	-0.513802726916795	-0.6859830475303701	
299	-6.568096539201365	-0.16865894669043208	-0.19215120365349048	
300	0.19774682396903415	0.5480865129384506	0.7354488899938384	
301	-4.219726453340626	0.32234332414538264	0.4112060227057812	
302	-3.831290988603617	0.8234588750113665	1.1905211095460242	
303	2.5407213747759982	-0.7841901831102511	-1.079293938727145	
304	-11.072677128762807	0.7258200870631424	0.9936315803862814	
305	8.183971423457647	-0.6886098940611921	-0.9392901271700569	
306	-3.179098517754234	0.397256632997991	0.5184475378232108	
307	3.0243001890699586	0.10067852646087329	0.18897355961681006	
308	1.9422640205581978	-0.847123972715252	-1.1724275865065263	
309	-2.9992594849712746	0.007817429513617887	0.057957314080126054	
310	2.1391702946778137	0.975735847529653	1.3894103919668568	
311	-3.0396052789718193	-0.23971842370220353	-0.3843680522254812	
312	-0.2990188570966066	0.6299613783767595	0.8539786711831103	
313	-9.736847124855203	0.9862577727316317	1.401761676994107	
314	-0.45524563982678934	-0.5806649414208581	-0.8589232344929557	
315	-0.12484539023738961	0.9499375704834249	1.3280190155022475	
316	3.5488080329941876	-0.7044799202723073	-1.0290294932479767	
317	6.028490306288645	-0.26037815931557556	-0.32273643757344816	
318	-0.17384471665846793	-0.6710245665586352	-0.9136696353309526	
319	3.6404468439310786	-0.9967596002782888	-1.405081964589606	
320	21.264668262623253	0.9994201972880007	1.411018675619004	
321	-2.002390285088334	0.6406090463618254	0.9414796035288195	
322	3.3942058051346113	-0.6014150047565874	-0.8125836551646957	
323	7.631651838711912	-0.4908081769813416	-0.6528550620961522	
324	-10.252654450893045	0.3598131378438813	0.4648050759712257	
325	-15.6559539602474	-0.4718697243200781	-0.7083158098261937	
326	-7.495595578966559	-0.5475968495082187	-0.7347417404649549	
327	6.581216702487986	0.7580496583139764	1.0408600837902222	
328	-12.181053138607219	-0.7670682935486446	-1.0541060526354467	
329	-9.76280800212527	0.794839275985778	1.1519194496980092	
330	-5.796144927184253	0.3222643065317573	0.41109307439932863	
331	-5.695762275707045	-0.5891875993813901	-0.794876033957325	
332	4.196512915196645	-0.06240003129139031	-0.04138051047832869	
333	15.292303241679603	-0.57779590985244	-0.7783906638239729	
334	-9.819904793556795	0.9751997403751276	1.3887640755405224	
335	-8.72727546327572	-0.8021357661246522	-1.1057555462070037	
336	-5.774179047379801	-0.5091666397741045	-0.7600474779709309	
337	0.26703794559609473	-0.9230416150695049	-1.3227056764420595	
338	-9.387368566139424	-0.23116420220887346	-0.2810968916633525	
339	3.849006153585998	-0.08024112589543822	-0.1601737008845926	
340	-5.962826201157136	-0.8351895715099065	-1.2062848213665265	
341	-3.332728783146775	-0.5774216824268815	-0.8544471506790445	
342	-5.572880808308104	0.09066725192343487	0.08143619175580219	
343	10.625332984912065	0.13423631076295614	0.14324959185234187	
344	-13.875842864780402	0.44111082632510623	0.5813827498927977	
345	1.277087120941759	-0.9710724297214666	-1.3837493559566414	
346	0.7241721761446231	0.7463009976224474	1.0860714637266957	
347	7.242149358175349	-0.6322303289851231	-0.8572722793911502	
348	2.4047734614113723	-0.11775662292600511	-0.2130243186007087	
349	21.23527885379885	-0.1721877942646307	-0.2895850022006039	
350	5.697644986858099	0.6338966634304019	0.9322524563806598	
351	-2.6095475833389874	-0.566256797966431	-0.7617033680119172	
352	-3.6927469791567273	0.3657995008345219	0.47337574496733564	
353	-12.51323358366417	0.799211413678773	1.1578285169923015	
354	1.4447804702664246	-0.945757606100061	-1.321527665804983	
355	-5.162756313491765	0.44576954077103825	0.5880756617977048	
356	-4.63892924119485	-0.7153750432416088	-1.0439138293689698	
357	-0.6138927082036333	-0.9980287181326599	-1.4077051037770412	
358	4.594326909533261	0.4535609220860835	0.6828858132382889	
359	6.594096807604931	-0.3350532858060139	-0.42937824228974303	
360	-0.7250453662995123	-0.2883767730210362	-0.3626854594408552	
361	-9.860907254984257	-0.958211111393883	-1.367788439555131	
362	-5.023818322873718	0.9297488116071061	1.3314115954712995	
363	-9.200256179393616	0.44817382280642176	0.5915303125953356	
364	6.0129755643864	0.11080347502121807	0.2032340139626615	
365	-3.4477435766326705	0.8515284758779551	1.228175404158264	
366	3.707236534619403	0.8920509932571324	1.282056366975808	
367	14.795416571084433	0.9856984564120181	1.4011261493838392	
368	-7.5401281729033505	0.8677695946164082	1.249848598566252	
369	0.6355076683018668	0.8039715626302713	1.1642572920655205	
370	-2.9649315602007587	0.9831923485855779	1.3811144684570538	
371	-13.718037662332035	-0.6972666495841674	-1.0191664910783726	
372	-0.551358669805854	0.12788661469913684	0.13423532909102642	
373	-6.846399880899503	-0.5775210642500189	-0.8545843229399128	
374	0.37168266537812134	-0.9513608253300649	-1.330235262008324	
375	-11.220749262062027	0.8438929098388067	1.167620683680303	
376	-0.754889833916953	0.9999503129428897	1.4138327473137804	
377	9.912906989999268	-0.3956398757308096	-0.5161296052059983	
378	-9.578846926099082	-0.9834682485049943	-1.3815744278099065	
379	-4.500180058073497	-0.9928451404097179	-1.3977210301160445	
380	-3.0266086350301444	0.8076848176060007	1.1139518686221317	
381	-10.485673199120418	0.10579107215251293	0.1961749210067797	
382	-4.676102126955466	-0.9751197144883589	-1.3886674908249783	
383	2.94446236592701	0.8049253171129364	1.1655447737052185	
384	-8.153769819634256	-0.03495107115482775	-0.09628173556599229	
385	-1.2059396412100352	0.9507798265199315	1.3584014875667911	
386	-0.02983299585636269	-0.7085300119026157	-0.9683583740956123	
387	11.69671114406604	-0.05729133202432027	-0.12780986223562985	
388	9.667477050128602	-0.30008035048765547	-0.468891628209845	
389	-12.904643889022465	-0.687609361718012	-1.0059513405405647	
390	2.3652081567049414	-0.9089776672918438	-1.2652272708764398	
391	-9.81544880579519	0.8213103927653043	1.187630051462405	
392	-13.844205270074907	0.9437906808833956	1.3494927003769797	
393	0.31547498070474217	-0.9938897579908783	-1.3996212037976006	
394	5.67189695985049	-0.4912612781076659	-0.6535074718481825	
395	4.042320752300006	-0.26258511116083905	-0.3258838674397907	
396	-3.694611592996376	-0.49848300066595636	-0.7452391608670312	
397	-7.522373092252798	0.9211906609100996	1.2837904983672361	
398	-1.1807818183649943	-0.37643967176051496	-0.48861442282347944	
399	0.6560533930671553	-0.8556004593084637	-1.2336179311555349	
400	-1.557470712485703	0.9819967252608406	1.3791278214235834	
401	-10.079980947907348	0.6416765468728519	0.8709900309897101	
402	-3.4593482777191262	0.11760234372286131	0.11963950946274116	
403	-9.005814824716223	-0.25661130536547716	-0.31736494972021834	
404	17.171285495060093	-0.29978810637109804	-0.4684828702753854	
405	8.1743919770443	-0.7673393980283065	-1.1146648232219336	
406	1.4688724406068288	-0.7006747582138656	-1.023827376366371	
407	2.449109311210226	0.3716404440533381	0.5688392629698275	
408	16.777994388349747	0.551225137370323	0.8182601953902569	
409	-2.0194090694417963	0.9332048458557797	1.3358813477988811	
410	-16.88506454398927	-0.9967363696061755	-1.4126092080215114	
411	5.283183325561166	0.7095972959800851	1.0360225635665656	
412	8.865463762352267	0.9898814348517432	1.3924771329554666	
413	-0.552853775777611	0.9148364391294698	1.3120053062076993	
414	-0.7419478292890819	-0.89468483977044	-1.285533482585407	
415	1.0092553029739944	-0.8761196944014302	-1.2609532385445328	
416	-8.22031802579771	0.3477752089148049	0.4475766372228277	
417	20.47774805924329	0.1556225302418842	0.17362458597135721	
418	1.434906599489912	-0.9851122648135716	-1.4004567950003657	
419	-13.077034300356244	-0.9506691489979657	-1.3291578084883244	
420	-3.1556390287036713	-0.9999426616672559	-1.4128519841844058	
421	5.009765924575009	-0.4756098818491232	-0.630979748019725	
422	-1.4681551151170813	-0.9995587293347501	-1.414205061466614	
423	12.65594525496384	-0.7482929550446547	-1.0887818807726215	
424	-15.784741573446059	0.5432346809136649	0.7284429409033413	
425	-5.083874782093996	0.542968329961381	0.8068428838945885	
426	-6.382987821226367	-0.5378485062685736	-0.7997605975699398	
427	-17.14384032943913	0.3282833084617144	0.41969766676485815	
428	1.420343330036207	0.6096780822635992	0.8989231879433978	
429	-7.77915681973738	0.9995572499074621	1.4142053037296904	
430	1.3427909821564281	-0.9934055025825898	-1.4094927980062708	
431	-12.458578978518547	0.9171726939141479	1.2776714249292351	
432	-5.36256417018482	-0.9698157592027332	-1.38221020097417	
433	7.874222528269126	-0.615088269622194	-0.8324014720296162	
434	-1.6846069825591754	-0.9883664619715832	-1.4041266004576034	
435	-9.70849747569891	-0.9988663074018388	-1.4095999075509646	
436	3.199898157140804	0.1173363688904953	0.21243265015553547	
437	0.7925190259192192	0.8074854975260618	1.1136573390400162	
438	2.0432869932305437	-0.9093342190118037	-1.3048025308748812	
439	-1.738593450660586	0.5542896275273342	0.822496302194058	
440	-8.35385122737788	-0.350791211024525	-0.5397491040782643	
441	1.5010494143936008	0.978040793707594	1.3726209041689241	
442	1.3695305877625237	0.12101558866916803	0.12448315093530016	
443	-8.988345055138053	-0.7626611350867183	-1.047631351583687	
444	1.4312820088483884	0.19397460808500191	0.3201889163784116	
445	-2.978868268308053	0.9374412313531565	1.3086814077493334	
446	8.747631555769633	-0.03206369920002976	0.0015652304745926715	
447	-6.06889232513972	-0.9717214192597415	-1.362388706360336	
448	5.617175688606243	0.9939377556854817	1.4100241787524928	
449	-7.977777751664759	0.9623024534960903	1.3473938438688724	
450	10.813016656613012	-0.8038714390994801	-1.1083185107246105	
451	-10.634703256337485	0.8887693095971816	1.2777190786065347	
452	5.59311217009333	0.9681531442788727	1.356677731326976	
453	-15.00757082726578	0.54370013018376	0.8078550189941182	
454	1.320661578337112	-0.05126921483104732	-0.025618096829936765	
455	-3.22990132023767	-0.5719420333725861	-0.7699236612386082	
456	-2.715547747439283	-0.25994188982237193	-0.3221142847690114	
457	-7.327716185410792	-0.9763150647805805	-1.369809233820459	
458	1.976540070180518	0.9413356572043681	1.3463476721514764	
459	-10.734964197224071	0.5563932803220307	0.8254037821473064	
460	9.475730391043674	-0.6274979052787181	-0.9234521771150916	
461	8.665092768205124	-0.9330465796393855	-1.3019251394769218	
462	-15.847813528078039	0.9378079093876945	1.341815645222443	
463	-5.18008057641156	0.9718089361837602	1.3846489126682973	
464	4.619710649967825	0.5945284867408381	0.8026089983206335	
465	-14.599451628705697	-0.9828035873639657	-1.397791336027288	
466	6.683640985708565	0.736744658212867	1.073059673244722	
467	2.851216195861465	-0.9984410468055124	-1.413850191618132	
468	-4.034163001363414	0.9271405583857244	1.3280308138178176	
469	-1.8386454588788812	-0.7262929780405691	-1.0588129496495784	
470	11.949945696940716	-0.4915271629746363	-0.6538903200560409	
471	2.3770547876940213	-0.17997184340916236	-0.30052193692311446	
472	1.9296091002917437	-0.5066550712381688	-0.6756813798899035	
473	-2.6282523667189968	-0.2553569772030906	-0.3155764567658894	
474	7.355008752027636	0.8984822435879969	1.2905402255185394	
475	-9.613540446567281	-0.05747227289121833	-0.12806512260511693	
476	3.0397348089588525	-0.7830979935778691	-1.1360312196079934	
477	6.8059226655123535	0.4537957168676745	0.5996097512052021	
478	0.11477296598092825	-0.05929555807380569	-0.03698366061261815	
479	9.402935990119152	0.9289218573299455	1.2956016140331412	
480	8.589325270657179	0.8961625971506272	1.245853028275806	
481	-5.530219372615553	0.12679287716900375	0.225744257085017	
482	-13.250140975902488	-0.6605837110469136	-0.8984750937078694	
483	-1.5756156264775107	0.506377591361787	0.756182452427709	
484	9.41532817235022	-0.7755554922620178	-1.0665846712980125	
485	3.804107219173799	0.8646147659772002	1.1985081828724204	
486	-1.6706789211005733	0.6305106802505807	0.9275961900466063	
487	9.591225525346946	-0.3986229679912284	-0.5204065656049426	
488	-13.611806045182835	0.992350400620652	1.4084142487046858	
489	8.512360419671344	0.6875692514022724	1.005896428956939	
490	-6.0421717518223295	-0.7612970975690141	-1.0456280855233155	
491	-1.8636575358736585	-0.6095530805402707	-0.8243767397615941	
492	-12.223502205617699	0.8635606979177096	1.244241009213241	
493	-8.99305044483927	-0.9593136393098466	-1.369172316942688	
494	3.414787921262039	0.4184222948081058	0.6340183750895549	
495	5.41544503612973	0.9215666921596579	1.2843638104616357	
496	-3.3074570254414795	0.8164056993090943	1.1268475488855916	
497	-3.285555380183475	-0.9197540751115812	-1.281601252992899	
498	-4.23224937685397	-0.3562454826582057	-0.4596982534309686	
499	14.52703921993535	-0.999816366144624	-1.4122768654661562	
