InstanceID	EndpointPrediction	BestPrediction	TrueEndpoint	
0	2.8439295660989727	0.9900910951830099	1.2310408737344931	
1	-8.783238797616697	0.8415318840684982	1.015548965590038	
2	2.9065180470714322	-0.8428920565923804	-1.0037811510515373	
3	2.959615784994897	-0.9819789700122713	-1.3016389808480762	
4	-1.9823996266744226	0.9624613994533264	1.2671277133838454	
5	-8.57017990594604	0.9920917104998127	1.3276927503661797	
6	1.6773819308407554	0.9948976057136382	1.399503961513385	
7	1.388462170608787	0.9992540774538377	1.4135482537735284	
8	4.701598047901228	0.994470001066159	1.3953381489958314	
9	0.12223382293553639	-0.6365486436394855	-0.6479940639050783	
10	2.1680729766585394	-0.9998963985566736	-1.3968999800958257	
11	1.0910666519416727	0.9924620100860234	1.3501701583730552	
12	-0.17743442519695116	-0.5516224095018778	-0.517188246902405	
13	2.2117597126257014	-0.994760016702277	-1.4140820170460242	
14	-3.158590118838838	-0.3909159009886105	-0.30103831672903936	
15	1.3434360066899311	0.2905953096975769	0.2363343523349407	
16	2.3112574374713266	0.9892574299446982	1.2104811537008033	
17	-10.480970341318027	-0.947827404821275	-1.2136788718245741	
18	0.05303975247725775	-0.9345382688448807	-0.9266384603467792	
19	5.62573397305796	-0.612093796161354	-0.6092441815835657	
20	-1.759367116316802	-0.9831284375841434	-1.3052238934260827	
21	-1.8762722659604025	-0.9351752039381669	-0.9281067174202337	
22	-3.44964127783677	0.9184993333414242	1.1658411836296498	
23	1.8652948707421708	-0.18092022580381933	-0.07595278470753042	
24	-4.129737909401248	-0.6639090375180096	-0.6923030622501549	
25	-4.998581765178225	0.34663477707591045	0.33936023127714	
26	-3.495661363981344	0.9887227697953672	1.199478841820892	
27	-6.40354083312367	-0.8831838952671055	-1.0799163294599385	
28	2.368669216416698	-0.9515923428434757	-1.2223426374615172	
29	0.03298183807707789	-0.6282466451403285	-0.6347461092684736	
30	-6.801067392746281	0.8979955135027838	0.8444751376752032	
31	1.319624851494811	0.932940335391284	1.1971417644991698	
32	-0.6104686585911621	-0.9376862414116293	-0.9339992095401881	
33	1.9335363716486276	0.015043631901273603	0.09374612283494443	
34	-1.171954322503938	-0.6774820807567346	-0.5995589821088867	
35	-1.3152850186473082	-0.3386367224671809	-0.32351301211724626	
36	3.9060576030164453	-0.9925939751842271	-1.338989351714042	
37	-2.1642590579669214	0.9888107844581504	1.3448989495975252	
38	0.7195522515740161	0.17918770743886975	0.21887556600595737	
39	-8.014234083170773	-0.8592248663810231	-1.0342430463056733	
40	4.922226766119538	-0.36995005940296904	-0.3479339391615057	
41	-3.2947523676399433	-0.48305006245782367	-0.4198034188409115	
42	-4.056275105815636	-0.9759391297679854	-1.0617502694566352	
43	-0.21751105512639585	0.9935000522256345	1.3632472181670863	
44	3.4759027362655006	0.6461712978469178	0.6937183789958127	
45	4.468522147508663	0.6188791669375585	0.6532505562059495	
46	-7.336808494175319	-0.15439635356909123	-0.051160405649060325	
47	-6.8214991644385305	-0.28522143496192953	-0.28173293037785274	
48	-0.5847106080753253	-0.9991609508922693	-1.3763310568722718	
49	0.9132171734733671	-0.7784202799413416	-0.8873554537023461	
50	-4.255232650912349	0.5081695542313094	0.4987454354233594	
51	-2.2524245406305363	0.9660409163413333	1.0202542698890833	
52	3.135819048277063	-0.8573298698002835	-1.0306836092553855	
53	0.1810428579324731	-0.032024762595126134	0.05550144019106373	
54	-3.5676417613205	0.9144757830588391	0.8752899621491753	
55	3.491830769189264	-0.09644462549722829	-0.12969592654105955	
56	7.194190757804066	0.9986321362228124	1.3901629400018392	
57	-2.8064997084128454	-0.8101197380175416	-0.7341295189137724	
58	-1.4196339717924515	-0.9953199517400504	-1.4142108218381568	
59	4.760092298065935	-0.998610900864341	-1.4078261781717316	
60	-1.070694194244519	0.5951437195154511	0.6188383526976204	
61	-12.911727876373655	-0.6484071892904439	-0.5735688776868464	
62	6.735049594456384	-0.6403175332971868	-0.5664794856165608	
63	1.1693006725078996	-0.9929011830966807	-1.3088576402170022	
64	-1.9595029547952538	0.6542155529109048	0.7058329542234256	
65	2.689637040810123	0.996708144795068	1.4104242548570673	
66	-2.18086160339012	-0.8918234428647266	-0.8450322153722417	
67	-3.2574777097733376	0.9071678841319588	0.86112701970447	
68	-7.421232644432056	-0.9925913665507512	-1.409002939358687	
69	1.6475045049976542	0.9933788631234699	1.3791780657063781	
70	2.4537976577776943	-0.9919915611295727	-1.3518023459390511	
71	2.1788388370282847	-0.5025670279614344	-0.45219477666913804	
72	-2.577041065684829	-0.9923800242590116	-1.3364404261112681	
73	-4.198374128963441	-0.22967980882317335	-0.12338960578045433	
74	-3.7759849391231515	-0.4345298771227228	-0.3555531821576877	
75	-0.48197857500168445	0.28076293996862206	0.2923365181696522	
76	-2.34911352194759	0.991144231917379	1.3536488434998302	
77	0.6737109873790029	-0.6557575707684319	-0.5800612596060946	
78	-5.795855108844896	-0.997437619554886	-1.411706739257177	
79	-10.322178369737252	0.14188643549252078	0.19131930212089554	
80	1.9989473686877401	0.2102058025414785	0.15139895564605055	
81	0.9642923237308578	-0.9922001285765494	-1.4065780118988307	
82	-1.8198143171939896	-0.4570734371936589	-0.3849262896078156	
83	-3.139078298750788	-0.9995974099875763	-1.401269984126441	
84	-3.4446360947421795	0.9172945747701708	0.8809968165962335	
85	0.4086393053269222	-0.9204837647450581	-1.1544404203386076	
86	0.7984453485595278	0.9915565892537467	1.2901271723853198	
87	-4.259467381981859	-0.8632848997157031	-1.0418931290310995	
88	-0.9441621396499428	0.9972645120384593	1.4122618583645634	
89	-2.993656649484923	0.9947314380327675	1.39798436597621	
90	6.889063182502721	0.9997540785009499	1.400572183411287	
91	-2.0030904274041936	-0.911042518075076	-1.1350592362364038	
92	-1.7409887187214286	-0.9809939365471502	-1.0911611192703927	
93	3.5869901709372862	0.9906106399146448	1.2471300967214893	
94	3.1851135339775527	-0.37932706349762174	-0.3552466583546696	
95	1.4690427724784152	0.9991444498233479	1.3941792921125469	
96	-1.1474320397985978	0.9974190193328379	1.4126674230475373	
97	-2.5643169677789035	0.9018267670083583	1.1312681123946824	
98	-5.157207792924359	0.395519987732178	0.3564964637861847	
99	2.172945578368751	-0.6371307522229835	-0.6489264823033425	
100	5.8123382263181025	0.992500385880893	1.3520197382112928	
101	-0.42525397659135894	-0.8516128231053719	-1.0199863353721668	
102	7.389798598512845	-0.17414736867097083	-0.19344290887480897	
103	-5.111295524753234	-0.9920071568988748	-1.4049738024752305	
104	-2.193564409117787	0.2184073436207208	0.24746258373529983	
105	2.172912786768179	-0.9543496965017979	-1.2287943131073982	
106	-5.196253719093892	-0.8139741612138898	-0.9508913345785354	
107	4.231789967873007	0.9931351744602466	1.3736846323394714	
108	-3.087056623085527	-0.2021172048135688	-0.21593227442286245	
109	-1.447600338868795	0.7539661023329756	0.8635647816892412	
110	0.5513415024296693	-0.9903902881017441	-1.1831423692871712	
111	-2.8021187511433974	0.9301216307845832	1.190915952448066	
112	-3.442466420017817	-0.09698604755453727	-0.13014757657491016	
113	1.0167300002325899	0.5954819015301119	0.6193236196143762	
114	1.5934215803902267	-0.9854610289615215	-1.3127549162869125	
115	-1.8656245607570956	-0.8304408651522053	-0.9808588471108916	
116	1.4708261361857942	0.8629649569041066	1.0553417663830738	
117	6.524687154950887	0.9402860913242206	0.9343054946075955	
118	2.7254298328572872	-0.8836517273921929	-1.080822058392375	
119	-3.1663872589671342	-0.09126166329024138	0.005320153228861146	
120	-0.5080367066582061	0.9919376627817829	1.3164114839409682	
121	-6.124177334221366	-0.9515410057233653	-0.9701286517518496	
122	0.011253260548034438	-0.99168107181534	-1.2088484819322487	
123	1.4830979409435843	0.77305851469356	0.8954785297369428	
124	-4.231919819665332	0.6413553010525671	0.5601679329759253	
125	3.3760097590218314	0.7514182865382335	0.8593514347578419	
126	2.6109664001953523	0.992538957433359	1.353796786339204	
127	0.2317371018656563	0.9812439736086949	1.319653090290016	
128	2.8377444808301266	0.8066617945376047	0.7177791683544668	
129	1.062626842046892	-0.3010527194321381	-0.2941428017226936	
130	1.4902466091104314	-0.9921639444219674	-1.4063028975799252	
131	0.3562496521964702	0.6370449594795702	0.5566026496362828	
132	-5.593631703153129	0.8024558279842362	0.7129954239750058	
133	0.4626689933615954	-0.9948971214848035	-1.4141461420566692	
134	-0.5534807278777276	-0.9914368199188058	-1.3748356101806025	
135	-0.9393501323578972	-0.7318720151431936	-0.6508636425654695	
136	0.5421712662835938	0.9999836908860531	1.4081336909483029	
137	1.0286440326908757	0.9988060512200424	1.4141575769076864	
138	-3.476239498065064	-0.9965869014301199	-1.4132873487964033	
139	-5.404437573679622	0.6976270741288313	0.6085822722987402	
140	6.338156148547499	-0.685598518831438	-0.7281010290731722	
141	6.553433884156289	0.8492201130399548	0.7703027282816888	
142	-3.580209458344483	0.9881688708838423	1.1893252036205342	
143	0.2321547364077985	0.9026736825234615	1.1329901505368833	
144	-2.3512604850684933	0.5851363896604604	0.5149090046321568	
145	1.888861502465932	0.6980771643289116	0.7734301674085415	
146	2.41372630800356	0.7832692044934747	0.691907579820626	
147	-1.3325967558655358	-0.008786337848313178	-0.0548954028917823	
148	-0.8676937220585708	-0.5404625023701205	-0.5008191775897818	
149	-3.230170167149608	0.5867555963024721	0.6068482193642952	
150	1.1820171750400954	-0.36906477329190873	-0.27483751552541036	
151	-3.27191526092673	0.5694133757229276	0.5823389555640994	
152	-0.7918569029433622	-0.773743292014421	-0.8791060825931309	
153	-6.89116779906573	0.9929667357468929	1.369187054209877	
154	-1.4454615975273313	-0.6639683989844063	-0.5873741688291304	
155	5.206513770891527	-0.9916023025571681	-1.3670375991699975	
156	2.9343044417438993	-0.48913766957216703	-0.4414922416533578	
157	0.8320050546935901	-0.9497559169177023	-1.2180967659081747	
158	10.315653583946554	0.8687659719292855	1.0663387399038442	
159	-9.48184484610217	-0.9929971498341799	-1.3004926968641841	
160	1.9202138328419909	-0.7468257122630013	-0.8320917516312738	
161	1.8619108237542987	-0.9670094078819715	-1.2598788197943114	
162	-1.5915712072792125	0.966481368492983	1.0221889066002874	
163	-0.9796453863914322	-0.9999044099253004	-1.3870039339431068	
164	-1.3796237111892653	-0.9930711460916415	-1.271581444678588	
165	-0.8066148469942637	-0.7815727215033642	-0.8929295178828749	
166	-7.83404643123985	-0.35573545713614885	-0.2592068229561991	
167	3.9596258301117224	0.41442141672239335	0.37936617984603677	
168	-9.104018964702133	-0.992679860162526	-1.2410831362624082	
169	-2.350525609573976	-0.09220565492528125	0.004499792537937974	
170	-1.5823424929718792	-0.8107703187699137	-0.7348893170052931	
171	-1.7184368744923075	-0.460435171830305	-0.3893774582770286	
172	1.909952106046265	0.9919499854530145	1.31732533452513	
173	1.914778611341356	-0.9913117250940027	-1.38615860621654	
174	3.221743129939683	-0.38783024249130216	-0.3618799932650858	
175	0.8290373774873006	0.8826090153953392	1.0930245426042755	
176	-2.9804915572091972	-0.5753577831031543	-0.5113244902605727	
177	5.993077452206669	0.7053582630760366	0.7849106590433235	
178	1.8138966049984582	-0.9183711092944393	-0.8923666577079493	
179	2.2710216784738284	0.9856420693305789	1.3338548134430555	
180	2.930426684084568	0.9848002066283774	1.1431738923096288	
181	-5.5460205841329735	-0.40049136227537274	-0.3717630875263783	
182	-3.385127478145891	0.31705404473165966	0.2655922537102047	
183	-1.2249596875550468	-0.9294464469491128	-1.1732747901915102	
184	3.8813863979574963	0.7063316595163678	0.7864512167812703	
185	5.678468919221561	-0.9927076643649343	-1.2424143052033547	
186	-2.0746417116464864	-0.3657803287126051	-0.2709615441056231	
187	-6.778241683780488	-0.9544358237343932	-0.9786527915677986	
188	10.962573217957598	0.8834978258737285	0.8202385472513157	
189	-4.92890370571244	-0.47923095785212405	-0.4336277445136795	
190	-2.5036847769618746	-0.9897144937598096	-1.1725536953566706	
191	1.7761691122688321	-0.6364547189259998	-0.6478436586769543	
192	1.9245660003069518	0.992689177916773	1.3600148894849124	
193	-0.8384600681773858	-0.4281272977981274	-0.34736102573829064	
194	3.042906195491022	-0.9783861254521693	-1.075139692353486	
195	1.2554622571981644	-0.9625989479417728	-1.0052487423313565	
196	3.967283685216182	0.41921537900628925	0.38522886907772225	
197	-3.2799623765975365	0.2382967903248105	0.2618393110089243	
198	8.853354913731796	0.8461302330001128	0.7661920819756212	
199	-3.074401120472323	0.9013302199982329	1.130260041282431	
200	0.925205383953244	-0.9914870198023014	-1.3722478448481368	
201	3.7863651092600517	0.6792322158110974	0.7440634100865361	
202	-7.570661903729658	-0.36347018111279744	-0.26824495705557927	
203	-1.7623908492546112	0.9983771781619802	1.4141498555871226	
204	-4.418863348557271	0.9953284082067665	1.4029491276505848	
205	2.5322405520561775	0.9970443671480888	1.4116060532965933	
206	0.2912335123457483	0.9899549594994453	1.227316153106022	
207	11.284044946868882	0.9858549486291284	1.1555666154111566	
208	2.6932872192969497	0.34149526195582025	0.2932299097032075	
209	1.3716219870723405	0.9964390274559041	1.377009266443602	
210	-1.4948622616037057	-0.9923132430338656	-1.339217287214662	
211	-4.435009728889873	0.9925606251250535	1.3547606077971674	
212	3.5377394822793145	-0.08138100496090302	0.013865875220614998	
213	0.6321579347671563	0.2035094580189502	0.23664416373991493	
214	6.589598671682862	-0.447836434001084	-0.37279097307672854	
215	4.44748123389627	0.6719078263101563	0.732782318578425	
216	-4.45756045987982	-0.9941326566426447	-1.413489691366088	
217	3.802304374830969	-0.9999370591474444	-1.3879725568447574	
218	5.411091971297922	0.8752267774201371	0.8073545194725446	
219	-0.3197004704495853	-0.9815288243341607	-1.0947245749808943	
220	-6.012762953162306	0.6886215261838395	0.7586330951577508	
221	1.3959004046077064	-0.9986209982777235	-1.3714807331737213	
222	-4.79256348698012	-0.09258154805312967	-0.12647001658995738	
223	0.29215727701509975	-0.4083738850894332	-0.32249932683775473	
224	-2.568255984320098	-0.9965554171787087	-1.413330310935967	
225	0.2954142583129211	-0.9972739334711495	-1.362080314804999	
226	-3.670920334675479	0.9370422295453211	0.9258863966960095	
227	-0.49704740625087307	-0.7597003069007151	-0.8544807827464648	
228	0.4502921342372519	0.917400405523351	1.1635153258054314	
229	-7.49598915190796	-0.9965075674262972	-1.3576014525523217	
230	-2.4049741001591927	-0.10240991611635163	-0.1346658070182356	
231	-1.14048860784051	0.9917296409025047	1.3013968824412792	
232	-6.0536050981192036	0.38112262458460616	0.3393357393105688	
233	-1.792267779377897	0.9779756639524291	1.0845819101533003	
234	2.1947425921183514	0.5288483384125872	0.5264612757525626	
235	4.467861010208994	-0.8170475069992122	-0.956456443033237	
236	-6.789733064330494	0.7918135589238867	0.9274424446069672	
237	3.1757496200323145	0.9876974062415909	1.3409232538077691	
238	0.6711625019400658	-0.9972777288115015	-1.4120691948607191	
239	5.693440547940035	-0.6879982405161715	-0.7320966531477238	
240	0.1562011196934461	0.4220894975998683	0.38875590464451554	
241	3.5199025596437457	0.9925442415440271	1.3540340704136484	
242	-4.758660770326972	0.6249628643715482	0.6621872393143717	
243	-0.15994785899784436	-0.9997805106195764	-1.3989980039627148	
244	7.5962568125194005	0.9977750157492473	1.4134301553485265	
245	0.7504734525168106	0.36694058176967903	0.3538511576518636	
246	-5.82328592423883	0.9874173647144456	1.1770766930447651	
247	3.9842789599891195	-0.9999088608463554	-1.396607784518021	
248	4.832050415301483	-0.9924231427674263	-1.4080682018577648	
249	2.9893050824034306	0.44875258876867685	0.41265115841317085	
250	2.785199340509947	0.9887760196586033	1.2005162768260986	
251	0.5107761502181377	0.9979944961432798	1.4137786771271514	
252	0.9058711382706468	0.9685610257975951	1.0316688015345234	
253	3.7240792743751885	-0.9938367106847813	-1.4130173720495873	
254	5.924360616837805	-0.9552700138106599	-0.9811875031600076	
255	1.2340192213494539	-0.5293285742555891	-0.48468752920756547	
256	-1.157126156777699	0.19902331877403104	0.14002752275680508	
257	0.7741672033742117	-0.6806315251187088	-0.7198526032745074	
258	-3.4410028725928594	-0.7658968155113809	-0.8653203148343387	
259	-1.4510244592015535	-0.9913810921358506	-1.3782003639332328	
260	-3.9826670769880073	-0.9913555528207283	-1.3800946736504325	
261	-2.4779939604161814	-0.9978052235536014	-1.365489336271462	
262	-0.6947408505459153	0.38992192162564016	0.3497975172307338	
263	-2.0405800563047536	-0.47263502475859503	-0.40568661002394213	
264	8.22222687342579	0.4005860799107145	0.37792306899369604	
265	0.9303151083520504	0.9950043671280027	1.3699600681491875	
266	5.239969454858765	-0.9916395069638645	-1.400458666401651	
267	5.520630372669595	0.10048840316850939	0.044010665385449954	
268	0.9503127430273515	0.6616327254950694	0.5771912613081921	
269	2.419750720121835	0.9981271134327275	1.386712784154076	
270	1.3583016709871392	0.6508153218869703	0.7007017458141651	
271	4.323207782613434	-0.9314595126124543	-0.9196829416439721	
272	0.6286494547325188	0.9999397943170588	1.4038789808634204	
273	9.827911627703648	-0.6322239009253663	-0.559442161010758	
274	4.658307308139238	0.572758969438641	0.5870379568102768	
275	0.6024479864138818	0.10930205469203666	0.052312612018581395	
276	0.7488502491881572	0.9915134858339818	1.2875276776664957	
277	-0.7351732978143544	-0.9283715196568192	-0.9129275202699363	
278	5.101650733600698	-0.41907517414664824	-0.38628993030152103	
279	-0.7986441616607509	-0.7861190200144464	-0.7070083002332317	
280	5.08775242428668	-0.9777754856178225	-1.0716667027923452	
281	-3.73241533931032	0.9340837742884609	1.199685136402259	
282	-4.713755207623632	-0.9926922193557324	-1.4095007481399147	
283	-4.329376413094769	-0.8470658821756388	-0.7798318528245026	
284	-0.6785585951638349	-0.7216938377278721	-0.7889026999173204	
285	-7.314291741258571	0.9716669037571103	1.2916445483590844	
286	1.6460338457956105	-0.8579871779503315	-0.7945363814628059	
287	-3.704398688733026	-0.1655830429259071	-0.06153470167730868	
288	-0.41887756163274803	-0.9859191671622215	-1.1291401206058467	
289	1.6551137788266643	0.9232152065980278	1.1759069016279484	
290	-0.46306613425751186	-0.9930542720444715	-1.2685029029920774	
291	-2.533903188198757	-0.9989954717724876	-1.374730818973493	
292	-1.1813336387380262	-0.283997239730147	-0.28077206067931326	
293	0.39149766328919966	-0.9965786603799178	-1.3579993134944424	
294	-0.6524791098835389	0.993367274403106	1.3789393700700354	
295	-3.2576548969889285	0.737567250935972	0.8366262125513382	
296	-2.3030777313666717	-0.9992898380439931	-1.3776748223946549	
297	2.8090714798428182	-0.3566120163398454	-0.26022667426190405	
298	0.4331215203410206	-0.992059100909154	-1.349226480843243	
299	6.195846938839942	-0.9901220183382132	-1.3291741334733174	
300	-4.25022110291519	-0.8092357837708767	-0.7330994155711881	
301	0.8512085836197402	0.9885292107471786	1.1958036034505095	
302	5.103822204233443	0.23563991645017904	0.177653827210012	
303	7.331172369231854	0.9694311786560418	1.0358186933039202	
304	6.865461433341522	0.9017132809306346	0.8510867012173854	
305	-0.8496284021401421	0.9987081694177714	1.3907190721222158	
306	4.891173136276985	-0.889726120763043	-1.0926379330290212	
307	0.256311695970414	0.5199619465303521	0.5144879162036629	
308	5.3151207245264755	0.8025236827126768	0.7130721110966851	
309	1.1878856847316015	-0.9924988804633104	-1.4085065053529684	
310	-1.150561924276825	0.3452809055201019	0.29756437932761826	
311	2.1592974823430735	-0.8415533221086311	-0.7726428867577068	
312	1.7636826696087493	0.6845063021363358	0.7522323202826862	
313	7.078001690183402	0.9991053050055805	1.3938458003488035	
314	2.4896860458151746	0.9545987808846805	0.9767591729729124	
315	-9.002074151471056	-0.7583728606521953	-0.8521640864700261	
316	3.86686286376921	-0.07207837353970294	0.021844781233553046	
317	-0.9162509012372341	-0.39305381242717097	-0.3036409852202405	
318	1.5721701888020416	0.7243954970284964	0.8152905813430319	
319	-1.2943016704754735	-0.500515860498649	-0.4438780055703288	
320	-12.96631573247496	-0.7846377878226313	-0.8983597820083303	
321	-7.042080710837062	0.7194691391457911	0.8073779458985071	
322	-4.339269735489035	0.472695595991536	0.45238179143085333	
323	-0.4391744099936337	0.7559844369001205	0.8669099735044273	
324	2.9932877192051364	0.99254880389391	1.354237776448657	
325	0.6750341924591036	0.9896310671043148	1.2190802257551994	
326	7.936462330017374	0.7809837591614357	0.689469614667696	
327	-11.902212291108246	-0.6081095720126289	-0.5387750969489855	
328	3.8183709189253303	0.9928006798535484	1.3640114763445845	
329	-2.0190829435899884	0.9918814238599896	1.3122536405368188	
330	1.8746600586843825	0.9847976664047863	1.331039247268248	
331	5.219859590724518	0.9672289999720631	1.2795941111658204	
332	1.5899830879954415	0.9749162289071854	1.3007971206186921	
333	0.054906414674659315	-0.35499816581918586	-0.33627503039997597	
334	2.4706101514169463	-0.8379024345959677	-0.9945663697398204	
335	-8.211201450345309	-0.9915552205299205	-1.3989002478948134	
336	-4.823312899585592	-0.9928566265906273	-1.2506034861114055	
337	-2.9430929741034926	-0.9922706821708377	-1.4070854771889132	
338	-8.356126273346193	0.950709849775075	1.2380273589835848	
339	1.585349261419342	0.9945111881304994	1.3957775871104567	
340	3.341195348410074	-0.9836191410964772	-1.1097961608449816	
341	-3.1030555449966006	0.7158804146858134	0.6251835441220073	
342	5.863585292475805	0.9900982748644623	1.231242171310352	
343	-1.2704190900731982	-0.9923818408129704	-1.3381049117430117	
344	3.2289111897725613	0.6689165056202887	0.5834147295945633	
345	2.860707103241864	0.966539322758627	1.277762245085966	
346	-3.825928296823897	-0.9930362141360789	-1.2659084807516199	
347	-0.573765829148577	-0.30909933323621974	-0.2065266840107408	
348	-2.875616045448446	-0.20758327366735596	-0.2203037557514409	
349	0.2637271810824205	0.9952248413891475	1.402180293185334	
350	8.06757633902483	-0.5190794793575175	-0.47001551218456633	
351	9.64448902667357	0.7161516362382243	0.8020696727014843	
352	-3.0528571256872152	-0.9926739011962533	-1.4094134804319491	
353	1.0624818559472098	-0.28195648514457894	-0.17722885953250533	
354	10.745713324817636	0.994679115409738	1.3974809495571592	
355	-1.4385545745123225	-0.9925497990286045	-1.3289147805266817	
356	-0.6414905706127058	0.9950309851665962	1.4006425879871598	
357	4.300296477839496	-0.6255718041023973	-0.5536976761869037	
358	-7.294381635350589	0.9709481068906706	1.0433425246406784	
359	-0.07188159397112162	-0.18109904391916198	-0.1990521901659872	
360	-1.8308554945377298	0.3979545783566006	0.35942037564202833	
361	2.570213495620257	0.9940057258825546	1.3896856290729074	
362	-1.6501543419773161	0.6096053650056519	0.5342966753608032	
363	-2.276513323088701	0.8756482103538823	0.8079964086169654	
364	1.7552229477519996	-0.5559712968770971	-0.523620751511438	
365	-10.297767142644867	0.9942730752091419	1.3931071447343621	
366	-0.7681434718861662	-0.9825718213496912	-1.101998742569887	
367	-3.943409155006767	-0.8617417926958398	-1.0389816219930494	
368	4.8339374075051085	-0.805483959190499	-0.9355807591924133	
369	-4.297777699263724	-0.7789079168540655	-0.8882169550250921	
370	-3.830610622000052	-0.1809740838640001	-0.19895147975398475	
371	-8.065766691708951	0.36840196113313345	0.32435705890206357	
372	4.6798951420559876	0.9962527628184729	1.4084574394226244	
373	-1.4964489996558648	0.31951601867068574	0.268349295991842	
374	-3.6200819506748227	0.9928738918475604	1.3663967577454301	
375	-3.893361296649195	-0.3868143950053841	-0.29606490133079844	
376	-1.3020838575455527	0.00644049188702286	-0.04152472204165403	
377	-5.19632997546372	0.335190464329035	0.3311980411637587	
378	-2.2957195939419837	-0.8304394415354011	-0.9808562397868199	
379	-2.5118171013538015	0.9746866520546787	1.063751162693531	
380	-3.3855695823434804	-0.9918804784178753	-1.3560256378388178	
381	-2.593838873538571	0.6698639069756223	0.7296473403498367	
382	3.1831542005260833	-0.924906929526166	-1.163676884586305	
383	-0.3557186797660463	0.9921639933733432	1.3576913829233939	
384	10.309461781578769	0.9884137079042524	1.1936779602539134	
385	0.42434160462652726	-0.7434458233889538	-0.8262436557650469	
386	-0.543255242742778	0.27031038282931735	0.21435369961689177	
387	3.3234885063804906	-0.9961560665421881	-1.4137856593333722	
388	-2.157691976867183	0.9896205803126621	1.3478660067465023	
389	-5.66887744628828	-0.8169625587556768	-0.7421931554797528	
390	-2.6413280208490337	0.5345063898989075	0.4759956166998409	
391	1.709704171847083	-0.9914908064090739	-1.3974353498042325	
392	1.7061263732119933	-0.6625140712310854	-0.690020603672043	
393	-0.7706251057279052	-0.9245557021007007	-0.9048588553546242	
394	0.29127618468178706	-0.28398623960907726	-0.28076342582607816	
395	-0.8014456538707632	0.6956360926913774	0.6068015315162106	
396	2.272188379948209	0.9881532912210694	1.1890548790329607	
397	-3.8444173114145057	-0.07831213474949948	-0.11450194768988098	
398	-1.009381333956634	-0.8864460302860112	-1.086244442543116	
399	10.055602704570667	-0.9917045504246046	-1.4014743589978713	
400	-3.608612476212727	-0.9999994009617637	-1.3924025521723125	
401	5.6608629774720765	0.9863425279666991	1.161814548435005	
402	-0.6169379668314338	-0.9925869819174402	-1.2369485429452018	
403	-8.400201512795453	-0.9943523644717026	-1.3467215837191335	
404	-2.7693764499716296	-0.8435808097946554	-0.775269833899821	
405	-3.584447508039542	-0.9918413044953783	-1.2128672152935236	
406	-1.6359222660902022	-0.9782066491328208	-1.0741090980260257	
407	1.938080950390556	0.2953993501739667	0.3028026183760013	
408	-3.883504363991602	0.9791000762777321	1.092524009848759	
409	-8.391590117046407	0.9958562472679827	1.3740506320670964	
410	7.309404425067473	0.8651568366555918	0.7924405496580681	
411	4.616316008527096	0.992156799337764	1.3322315950558852	
412	-5.237635049554648	0.36548080587926896	0.3209414130331437	
413	0.3358294547909979	-0.5349683343340916	-0.4782514448237385	
414	11.91507517572294	-0.9431873173203226	-0.9475440709751086	
415	0.046119762855468927	0.9976290995974357	1.3836189662591314	
416	-0.449604339487585	0.9838209104047879	1.1327853387085178	
417	3.583822978516186	-0.36582461505608344	-0.27101369949368914	
418	3.8707624454401253	0.991259536841886	1.3540984168457835	
419	2.380378295803462	-0.9778445174154666	-1.0720546307701033	
420	-7.574446433727652	-0.927373561761541	-0.9107886073082971	
421	-0.2145461051245255	-0.9916013712366163	-1.3997934232389166	
422	1.2801891397012188	0.6621912023986279	0.7179294586488203	
423	8.376907387951768	0.5427721529335502	0.545414131459617	
424	4.503179918534678	0.9857134190386436	1.1538194729051154	
425	-1.529045327542162	-0.9911400756647585	-1.1969022931050726	
426	-1.3399787706194883	-0.9912259796609999	-1.1986615455240506	
427	-5.081022481840013	0.9926043142572529	1.356632384592948	
428	-3.145137797639438	0.9913737159788532	1.2796401716933663	
429	-1.905504702192841	0.5295905207028883	0.472289194296352	
430	1.1252845458492062	-0.9913282976440002	-1.3904219875395554	
431	-0.10752097859371303	-0.9927278224181916	-1.3198865287577088	
432	-2.062752542061649	-0.9039526647126548	-1.120764833140372	
433	7.598694199090275	-0.7017589131375985	-0.7551388877932581	
434	2.0183015828321054	-0.9914894550114621	-1.3344779257550758	
435	3.144712958267823	0.5004510890201146	0.4505317197146407	
436	0.8813475513791013	0.1544460514259635	0.09569153899651595	
437	-5.018511776115265	0.027146442994023974	0.1033760532460839	
438	2.1748141343154774	0.8583846656402326	0.7828309740985199	
439	-2.190940851019895	-0.7443130607463023	-0.6632212397425762	
440	1.3868562945274716	0.8043457960274524	0.9491644310162365	
441	4.715368003736725	0.7253828727307747	0.6340375243167078	
442	1.8847550591409228	0.9800069925643542	1.0993068042965324	
443	-1.8230788839925398	0.9937583056612859	1.3860259528525332	
444	5.287110552759723	0.9958718911836034	1.3741281857875978	
445	0.422482937994104	-0.17015586284711945	-0.19021595436544025	
446	0.6160044838836012	0.9288771611649357	0.9061455759878968	
447	-0.7480286485062267	-0.7510946664199742	-0.6700748034490089	
448	2.7481967085233157	0.6444871556147604	0.6911929369918914	
449	-2.512434105319168	0.9993099144009071	1.4134109254997504	
450	-9.641447592470527	0.3768176331839801	0.3342474369511459	
451	8.384166885296802	-0.6414012658492257	-0.6557809022610324	
452	4.56764089813796	-0.987551472502644	-1.1454402866527893	
453	1.5405749199860788	-0.99737122840836	-1.4118612009058191	
454	-4.489475509246413	-0.22148453200316467	-0.11523823659940502	
455	-0.5958048419528527	-0.9953295362394401	-1.3514103866042844	
456	-7.481386603712425	0.1386790230860242	0.18893026362749288	
457	5.847509751131492	0.918372635372757	0.8832185370713879	
458	-0.7105785789214052	-0.9807550399898601	-1.0896031888478992	
459	-4.68005187366409	-0.9927165229114148	-1.4096144705281315	
460	-0.7399338815805138	0.804933442133281	0.715805874283244	
461	8.348595815330622	0.9767824848458271	1.076647935197013	
462	-2.1911135901769607	-0.9316534164685435	-1.1779882000935105	
463	1.4394666899801603	-0.9979241033267814	-1.4103879953906289	
464	2.0483512241763426	-0.9930898267444028	-1.2840868213814576	
465	-6.483173723175251	0.6182093074075415	0.652269483173676	
466	-0.7917591019449097	-0.7712050538796726	-0.8746391848073527	
467	-3.912382190805195	-0.127985622021576	-0.027120566180016126	
468	6.67354269969952	0.9990538738059941	1.4139166526462668	
469	3.0978946503416736	0.9398835140041146	0.9332406525162026	
470	-1.3547728045288885	-0.9916389377708297	-1.4004491549971672	
471	-6.039759470081701	-0.9995565616742125	-1.4016868948146866	
472	0.06534992561643624	0.9994829993084611	1.3973563304756835	
473	-5.9933650399802945	-0.7655729869526936	-0.8647528116820445	
474	-2.557891126008624	-0.2775053170687408	-0.1725150523231398	
475	2.4993443937322533	0.9914851236674909	1.2858614215638853	
476	1.117255695595045	0.9929298767767643	1.3681086144405197	
477	1.3055391771389184	0.9823145863807843	1.1184330093416894	
478	-1.1101085375246633	0.9254081020489842	1.1806365445152731	
479	5.878022604461332	0.9983819000022774	1.3884057174398752	
480	3.6455037216991464	0.24515825213513404	0.18762269681405597	
481	-6.76665475368271	0.4279118384655008	0.39592902857591394	
482	-1.750049510131877	-0.21130846152592614	-0.10521958808892384	
483	2.4249941978906606	0.7848616540514732	0.9155205423426277	
484	-7.698932022355696	-0.8724220936018372	-1.059237140439635	
485	1.4214925883338416	0.8825174686388768	0.8186787150228536	
486	7.219781913878835	-0.9883927415521697	-1.3228238631689144	
487	1.0596777461232922	-0.9919439410059758	-1.404362921254317	
488	-3.836500287372115	-0.1403664827289139	-0.038312606812924255	
489	3.873010791880932	-0.9922769721918803	-1.337671003307341	
490	2.0596016023619144	0.9935350643501477	1.3822099045971676	
491	-1.493226326931603	0.9903573222818004	1.3506271852922278	
492	1.948887644482896	-0.8544407991370333	-0.7896904342140814	
493	-7.5287933525602	-0.8564736288426553	-1.0290775770837697	
494	3.21656447165619	0.9996922241853672	1.4118365638886448	
495	1.618377130942705	0.7760167008171636	0.9004785496747684	
496	2.5964832036919674	0.7134478548321372	0.6229411937663204	
497	-2.5732022271238866	0.2455096105528183	0.2670364247894593	
498	-5.846685338805553	-0.9577829124788373	-1.236968298560424	
499	1.582752512791236	0.8104235964671359	0.9598102257114768	
