InstanceID	EndpointPrediction	BestPrediction	TrueEndpoint	
0	-0.12961362363476717	-0.0071925315226608975	-0.023649388363884527	
1	-0.09293029370901561	-0.4796710251013105	-0.6664998384303643	
2	-0.23040073001153344	-0.7104944836997403	-1.014230103093695	
3	0.918778319108355	0.7248687999294057	1.0343578388182952	
4	-0.3939579661522857	-0.7802229320713374	-1.111782512463554	
5	0.08344481577631989	-0.10595706811130051	-0.13643656770610213	
6	0.2316745462726892	0.60208116117182	0.8406710281609657	
7	0.5539053640824328	-0.13823486884162206	-0.18213572395267374	
8	0.6196086008904218	0.3097192993793934	0.45080500302739157	
9	0.9480591981789016	0.5677214808220609	0.8139386697543989	
10	0.8432762073071802	0.9993260391999654	1.4127014862493903	
11	0.4272057936525476	-0.10294486038307787	-0.15898621886538455	
12	-0.19436054252064522	-0.526296070816395	-0.7557219588300952	
13	-0.24174129431384667	-0.9999791143390404	-1.4142069077592707	
14	-0.551292891388711	-0.8413189609238149	-1.1970362596921726	
15	-1.358317137475654	-0.9998186293760122	-1.414149541740505	
16	0.36819522344118366	0.31328065876557243	0.43022570677335875	
17	0.5221999849961434	0.34522103598743326	0.47554430840999495	
18	-0.07416892915909148	0.18865777536826284	0.2535538770711766	
19	0.6245146650256629	0.9998540607361975	1.4141732147876196	
20	0.36188854029165984	0.3318602800407708	0.48201457478187165	
21	-0.8465991031431698	-0.9647193332230164	-1.3678058059660314	
22	0.18011853312464945	0.22276904668956723	0.30188897106742363	
23	-0.8524939478147213	-0.4001226434378604	-0.5534807113001761	
24	-0.16913708019713575	0.30244142644771566	0.4148501395990703	
25	-0.041616520723156566	-0.2999074637670882	-0.43697192802114054	
26	-0.15983050263636525	-0.8692664022837033	-1.2359354785674836	
27	0.862221457042942	0.8242845621662926	1.1732926188714377	
28	-1.0366157728888614	-0.965121557819812	-1.3683546864627685	
29	0.6766020593853214	0.3893904400192459	0.5630708395038526	
30	0.13372697947993656	0.034089005078477966	0.0616775334598727	
31	-0.2355193593519514	0.2443699797521397	0.3325058580965313	
32	0.6896339428427334	0.9798964498149724	1.388408946142877	
33	0.12182994325719293	-0.24639059500452887	-0.3353702034288816	
34	0.38149198699247205	0.12759100937972342	0.16706447822014214	
35	0.16047571648444237	-0.146299555849047	-0.2202228191556469	
36	-0.8949302350476861	-0.9974909385989724	-1.409646949087251	
37	-1.3228999324535158	-0.9928975235758164	-1.4057089339899103	
38	-0.10848323224887559	0.06474163040681112	0.10500447980283001	
39	1.0210613391166226	0.9905191384361033	1.4025935733185566	
40	-0.9136645042596782	-0.9976985797566214	-1.4118086867876118	
41	0.2765745850900107	0.3112367968326564	0.45294429053319035	
42	-0.3894647746984084	-0.6781655908173334	-0.9689328333816238	
43	-0.8568178981030232	-0.857928989793315	-1.220164493913299	
44	0.6924082657593057	0.7640577012074942	1.0891872641733462	
45	-0.289455465758826	-0.3885906375742008	-0.5371060295398746	
46	-0.42440373387682095	-0.26793571230596497	-0.3918867174487283	
47	-1.2337947087483478	-0.9997261647205531	-1.4134466822848715	
48	-0.4587265333511251	-0.7140463186676919	-1.000331900837489	
49	0.2956442524228053	0.32219381005145226	0.4683898304340496	
50	-0.3564501520401671	-0.7408280052217218	-1.0566948149298256	
51	0.12415812972598646	0.47453403414675444	0.6829261962590168	
52	-0.569216741779746	-0.6464509094960896	-0.9244615599369161	
53	0.5918829802256186	0.9845553539611912	1.3899485800426703	
54	-0.1898677233843002	-0.03686637269908111	-0.06560381709547969	
55	-0.7618966468808991	-0.12698515816368933	-0.16620666617944202	
56	-0.026646665851760773	0.43398918641582396	0.6015825626091861	
57	0.29738784605871993	0.31025672172028945	0.4259360345980953	
58	0.23216541945420271	0.5468895437222604	0.784667683050389	
59	0.5890411946937246	0.9952973342504287	1.4061934454998553	
60	0.24674536015844775	0.0010347376314821324	0.014941689673759861	
61	1.5433331618594432	0.9734570891763006	1.3735288905996008	
62	0.6833700745921387	0.25455798612763736	0.3730174165001969	
63	-0.5409198148274148	-0.7866289781285128	-1.1040889147879438	
64	0.9560297658748106	0.999361272573699	1.4137277377938977	
65	-0.6286920783320507	-0.9901133329350438	-1.3982774936290514	
66	-0.28002422746210676	0.23771617228092803	0.3492582259140019	
67	-1.070274635958836	-0.9915003401654576	-1.4003759452709894	
68	-0.08579825373038324	0.12094680015011326	0.1844163147193092	
69	-0.04549384200067397	-0.47470388343921105	-0.6831651540800616	
70	-0.8992826938594579	-0.3534947867191954	-0.48728620726551036	
71	-0.88474166919079	-0.6434741815167441	-0.920285882998069	
72	-0.7087234679231608	-0.7678836322706797	-1.0945362599173387	
73	-1.092372907000947	-0.9916201982545849	-1.4005577982059565	
74	-0.0600941054788396	0.42199329039785677	0.6089810540768107	
75	1.2314872052089734	0.915444204681291	1.2999991330979408	
76	-0.28969629982473977	-0.9971183187633232	-1.4110967055348738	
77	1.1374477977880868	0.8684177826658802	1.234755476602145	
78	0.6270681368503026	0.6678881598883246	0.954525068527781	
79	0.9925091588291559	0.745751868778801	1.0635841531968557	
80	-0.6883746747038525	-0.4952788272565437	-0.6886890569537469	
81	0.6049910528328222	0.8187614422584084	1.1501125269561983	
82	1.049018996209803	0.9157293233493078	1.2895624376390311	
83	-1.1827123700029045	-0.9958781164715824	-1.4095428871102234	
84	1.061104104111449	0.8896738781298493	1.264285921437967	
85	0.24864452789530642	-0.1144091980695937	-0.17518161109820418	
86	0.8917671495486728	0.9554637079909355	1.3551459630707567	
87	0.15076514601763896	-0.2962776595087363	-0.4061075870483066	
88	0.3455186767057119	0.7362611362873563	1.0503040094907166	
89	-1.102818173496511	-0.961558540763903	-1.3560861923630412	
90	-0.20292907625915274	0.010775179734842776	0.028715354103900692	
91	-0.8997829253035251	-0.8945231274295817	-1.2589641354328187	
92	0.1210088651178345	-0.31852399243286794	-0.43766409403181056	
93	0.04798326383833718	-0.3100499965666182	-0.4256427853441351	
94	-0.6167300862508707	-0.8657204439580416	-1.231004313241551	
95	1.2253500485838955	0.9665417438874685	1.370291702990969	
96	0.4451154143143051	0.5464202490520912	0.7614315002496743	
97	0.8732991691901715	0.5497128407601027	0.7886352970718469	
98	0.5729327776284084	0.9910243333452458	1.4032582158405182	
99	-0.40836327870307654	-0.9999661594292035	-1.4142123600884124	
100	-0.5356499537792919	-0.198574372884027	-0.26760380505251036	
101	-1.201248014125065	-0.9998542325277259	-1.4141733221700672	
102	-0.7515424268681833	-0.6989302506003796	-0.9980313781539853	
103	-0.3835944803070126	-0.1633546339327171	-0.21771047310529046	
104	-0.09630051649865258	0.4823027536993612	0.6702409559578053	
105	0.601523717548454	0.6419215509086326	0.9181077871481433	
106	-0.24347646180111507	-0.8231226703545423	-1.1716722801451518	
107	0.10259662965606481	0.2559554913498468	0.34892984924645876	
108	-0.6116492656411785	-0.9952558027739745	-1.4061289748600658	
109	-0.46821988985852664	-0.5580496815327955	-0.7779810868200536	
110	0.36505296237746065	0.9898764581022366	1.4017461466823269	
111	0.5194970631049325	0.6518014683244264	0.9115227141381184	
112	-0.2008066026175465	-0.48309519882038254	-0.6713674785947416	
113	0.7262101867708716	0.7861352619569262	1.1033822552085117	
114	-0.7037912646087393	-0.9942884659487035	-1.4046338708736026	
115	0.3345482555845817	0.61650619449931	0.8612195854876904	
116	1.464159235242975	0.8775279900640047	1.2474188672188367	
117	0.8269436573647561	0.7902564173566022	1.109281326001538	
118	-0.5642628321260252	-0.7183099604060557	-1.0251748025185814	
119	0.4766542146345034	0.9739578456807467	1.3803777881803228	
120	0.3235067794618708	0.9784289874945167	1.3808602796744194	
121	0.4818041236062258	0.4787485354444941	0.6888553311184911	
122	-0.4512508951379111	-0.6482834240306637	-0.9065071112620986	
123	-0.4419763448990458	-0.24485661378210763	-0.3331956859866234	
124	-0.1446477245472672	0.23184517216530026	0.34097486797544163	
125	0.7363287799335299	0.4360860074186542	0.6045614354555339	
126	0.10393733396461265	0.6316550790217116	0.8828054661965088	
127	0.9404087946460767	0.6641121550848694	0.9492306738055039	
128	-0.40468048060100553	-0.5303854676494516	-0.738617832190904	
129	0.484846225560535	0.30569932164573654	0.41947130571395436	
130	0.5336812199803961	0.8129359965093341	1.1574620969537577	
131	0.656141948303137	0.9988344046686286	1.4131515867931526	
132	0.5526871263228177	0.9969956359528772	1.410944720452049	
133	-1.0092128700680143	-0.9674210086307704	-1.3646653992248512	
134	1.438819014970141	0.9998261943016586	1.4136522590195724	
135	-0.23109052220133713	-0.18980048455947726	-0.25517280662736874	
136	-0.6128943836595371	-0.9999267649689203	-1.4138826469587222	
137	-0.2990466917373629	-0.862799885846049	-1.2269418395539589	
138	0.6727721957950643	0.9132581747494475	1.2859925800694723	
139	0.5322140565636397	0.9657007372304204	1.362145276594103	
140	-0.3469646589524691	-0.927857153449134	-1.3071019869317966	
141	-0.5381295760802648	-0.9092249642338708	-1.2913910122977006	
142	0.20890344089368845	-0.041908536603682024	-0.072731510935787	
143	0.5062462911318316	0.5439235021231451	0.7804992711569302	
144	1.0686948397824556	0.9907541645751088	1.3992457300530956	
145	0.12134355456972912	-0.19704346697318373	-0.2918630626620512	
146	0.4902954719502332	0.9542153738087091	1.3453713615498306	
147	0.30518583391047377	0.8139155365872082	1.1588288498283352	
148	0.4249226270448133	0.8351539594343712	1.1736190617942255	
149	0.04850379835536464	0.27207515358693757	0.39772485998463397	
150	-0.2556548572434865	-0.17292584582489204	-0.25781833813450405	
151	0.3817692758479835	0.3394139927334969	0.46730376599169104	
152	1.064789775649639	0.9349950899663695	1.3270029480242604	
153	0.5294700583405609	0.7706094163421403	1.081166887821916	
154	-0.09404179813880792	-0.24693284214541977	-0.36226094524687735	
155	0.2927423774768458	0.21093284265726894	0.31146570477940905	
156	0.5796696168674098	0.6889757699877588	0.9840835752593519	
157	-0.7810269890752789	-0.9664832876652643	-1.3702120046430302	
158	0.29067499427009574	-0.254083875170656	-0.37234863323907574	
159	-0.4442493144817208	-0.8466673616140044	-1.204486256160759	
160	-0.13365645318296931	0.05136023194064227	0.05917040323742162	
161	0.7340962183574711	0.5070819782104209	0.7054726167299459	
162	0.9527371884157756	0.7875649763835475	1.1220403156004473	
163	0.2644798734170843	0.9379758900511851	1.3311109539672283	
164	1.1276204168555717	0.6747082892931977	0.9640864916605878	
165	-1.203283606783694	-0.9017505880328133	-1.2810361304989435	
166	0.6118492503959602	0.9436102722945032	1.3388679809336135	
167	0.6835880273654327	0.4310708689838504	0.5974367562511547	
168	0.7003085262167044	0.9826268137810654	1.3920825450880314	
169	-0.34222587356474976	-0.6124599217725859	-0.8554550732329995	
170	1.3091330790076277	0.9921517554223747	1.4047360780590328	
171	-0.10440107464934756	0.3942584698813162	0.5699270172985427	
172	-0.3305429844026193	-0.8538353514871331	-1.2144667928451223	
173	0.45749407794528	0.5562044112788457	0.7977572797721935	
174	-0.336155324553268	-0.9736743356285138	-1.3799932313806886	
175	0.004022002424997069	-0.8402388947814206	-1.1809150495668734	
176	0.9250875285217713	0.9126215148124232	1.296093159347358	
177	0.10900011519196232	-0.7773169887415476	-1.090762900870781	
178	-0.00481422268130069	0.22307379515333253	0.30232087019589426	
179	-0.2841608892499791	-0.3631447736439264	-0.5009826507839268	
180	-0.4449499396454903	-0.973694402194001	-1.3800204529618754	
181	0.12883147861255673	0.5100568424266583	0.7097032023488781	
182	0.9247311583975193	0.6199971023999721	0.8661932617383168	
183	-0.46614495321585675	-0.6714148952316754	-0.9594695377909052	
184	0.6051382483540434	0.7252444538023722	1.0163241803049532	
185	-0.10804862771990055	-0.9888613854184679	-1.396391547099679	
186	0.021958916512834336	0.1597734430589376	0.21263823208915855	
187	0.25485150858000194	-0.22061012258706433	-0.29882931445266525	
188	0.9115475519020652	0.9098764957147429	1.29229315596086	
189	-0.7842262052251807	-0.6357289080251315	-0.8886114482283233	
190	-0.026953746753003258	-0.13209446232999714	-0.1734409818913223	
191	-0.6011583150392423	-0.9347718820902653	-1.32669522255148	
192	0.2940799553273072	0.9968022069967182	1.408550134877977	
193	-0.005136144304719813	0.5664864472710409	0.7899892522079344	
194	0.153786272376202	-0.05104753754848286	-0.08564969162644853	
195	0.8246763903263671	0.8487212045737844	1.193090587484731	
196	0.19778382538991707	-0.14394214586755966	-0.19021762889980143	
197	-0.07263779298008571	-0.36820261107814395	-0.5081619718567935	
198	-1.0598033825845667	-0.9978549886696935	-1.4102336254738277	
199	-0.9641356855238179	-0.8867007934919899	-1.2476956702461246	
200	0.6081128593138797	0.8756373471914344	1.2447916324472965	
201	0.283905007595143	0.9998103987602435	1.4141436616881382	
202	0.2748884709339945	0.2613760460316668	0.38263463439664613	
203	-0.419771827953525	-0.24795400329859069	-0.36370150457657247	
204	-0.5978598179623288	-0.48473475010941225	-0.6736982688717457	
205	-0.14722307224351897	-0.9114463919568061	-1.2833760284762554	
206	0.5695546149228365	0.5289066628893259	0.7365141354779665	
207	-0.5228343320534599	-0.21343656367187352	-0.28866333481963935	
208	-0.181022346275804	-0.6534616705934885	-0.9342950067401563	
209	-0.41122268718133465	-0.8025421807178147	-1.1268733233398434	
210	-0.9580261100749309	-0.566716257040028	-0.7903163674536434	
211	1.332872589336445	0.9955765140905066	1.4066275065626415	
212	-0.2702733149255523	-0.39983383618385465	-0.5530705959260414	
213	0.8471417924243198	0.5297195474904363	0.7376705111328813	
214	0.9532963640642015	0.9274486871191928	1.306510678628616	
215	1.2327282527777994	0.947173022831855	1.3351212563210286	
216	-0.2840545298764383	0.14555638509034124	0.19250358710746562	
217	0.9815069897622831	0.9895638237439401	1.4013331966110383	
218	0.22835958637790849	0.5227289260796564	0.727726419589483	
219	-0.1610907288688926	-0.7415561584984289	-1.0396285956817524	
220	0.7953163754821431	0.9993735205569086	1.4137404192979215	
221	0.1744624727218644	-0.06304868026185774	-0.07570864165141522	
222	-0.3108991443758028	-0.228060616293886	-0.3093885424982409	
223	-0.4049835603478623	-0.5156667423692008	-0.7407779472343945	
224	-0.7495196885838669	-0.9583528520614049	-1.3514047856181133	
225	-1.0709169535254677	-0.8697197429560475	-1.223261372423457	
226	-0.459057231467463	-0.8081757437223152	-1.1508191892729351	
227	-1.276325705878361	-0.7992035022019921	-1.1220917501593406	
228	0.14806409415797986	-0.47114649903191563	-0.6781602170585403	
229	-0.5295967936394871	-0.28601813112021995	-0.39155699743349964	
230	-1.0057137753861065	-0.9999261916467886	-1.4142087121889744	
231	-0.29649743575429427	-0.6313499063763095	-0.9032755397584917	
232	-0.3077256940178829	-0.9679801655756768	-1.3654850601630204	
233	-0.37782560686054434	-0.3534495516916603	-0.5124388867696048	
234	0.6265133899836413	0.9929809481769005	1.4058174967684647	
235	-0.44352620382748165	-0.4476213050232498	-0.6209506501770257	
236	-0.33990963861528917	-0.9500426720922097	-1.3477090958214437	
237	1.2355796650597313	0.9760069216855912	1.3772847508212027	
238	-0.5435720236001231	-0.6513929222473481	-0.9313934923099769	
239	0.3030804306921428	0.9850202367289191	1.3906415065007431	
240	-0.9878778972898297	-0.9952319798451791	-1.4087212730176448	
241	-0.8156609034293212	-0.5249023402619364	-0.7308179656614701	
242	1.1565035957954308	0.6604962846816951	0.9441603748731756	
243	0.35916914905170566	0.26850487134809764	0.3667225112562043	
244	-0.6131053278350734	-0.9974892895011226	-1.4096443038865334	
245	0.48229247963648897	0.61640883031257	0.8610808705572478	
246	0.7747922084366404	0.904831995470098	1.2738288696525923	
247	0.5258107155256195	0.942804086880085	1.3287727726354397	
248	-0.2736524582518693	-0.7211278916463347	-1.0104446477797684	
249	0.726269199020246	0.5836302854839224	0.8362851209020208	
250	0.7974870035641284	0.5290005462825305	0.7595238485734338	
251	0.01368510976614615	0.6578577244951763	0.920157891604439	
252	-0.38591888086035864	-0.042249788757474496	-0.046281122339839276	
253	-0.041496179347080296	-0.24977787827763517	-0.3401720196746202	
254	1.3103010279666356	0.9936828912068841	1.4037033887160062	
255	0.5778386888498148	0.9506467126685699	1.348538436603868	
256	0.521071146760235	0.19176035978017097	0.25794949682113555	
257	0.8242305257551555	0.6047090233154092	0.8658837039965064	
258	0.2463789138080483	0.05152233821562384	0.05939975826280697	
259	0.08486021473486915	0.28070649661534924	0.38402439933041727	
260	0.1339850407463677	0.7560095740539203	1.0779328781554858	
261	0.6544842987514033	0.5235261045098685	0.7518278373399111	
262	0.09663027691613989	-0.6994200550967086	-0.9987175787295016	
263	-0.1849989387169232	-0.21031547675928192	-0.2842405317194071	
264	0.4074313837905911	0.9744982395909529	1.381110526938493	
265	-0.059814582931969784	0.029774648820565932	0.028633352205415408	
266	1.2415272153998398	0.8606851984773567	1.223999768866432	
267	-0.5775011106540219	-0.16660719197005333	-0.24889748929839428	
268	0.2580657113899536	0.5564781228577124	0.798141878820436	
269	-0.5715835864432262	-0.8635026472273064	-1.2279194574881855	
270	0.5434199228942517	0.757309641194091	1.062146758001917	
271	-0.31319654931352076	-0.443770779093236	-0.6396367094359394	
272	0.47200944754093666	0.2516432306917761	0.368905795103047	
273	-0.9636575518460735	-0.9992515091743239	-1.4136122478385933	
274	0.6130336115873111	0.8655514324480453	1.2307692442713387	
275	-0.1869257628332613	0.24437549534233632	0.3325136766997536	
276	0.42874997875436405	0.996937776733418	1.4108728886258008	
277	-0.28043133720452124	-0.8971730757020348	-1.2627835667626912	
278	1.0246230140478547	0.9978907469453956	1.4102915705891879	
279	0.08119324534049516	-0.08975062770238344	-0.11349676211089266	
280	-0.10525379744230974	-0.8891794803150719	-1.25126539955386	
281	-0.36056087911257617	-0.971733968576387	-1.3773589091697893	
282	0.05032235956339606	0.7286790569486857	1.0396917715105245	
283	1.3298923751100113	0.9776113945478347	1.3853246103193937	
284	0.10219851881839649	-0.19293055747511706	-0.28605781521306706	
285	-1.4037518540558538	-0.9988743777853519	-1.4119181991653953	
286	1.074707540647012	0.967578897923445	1.3648968204987852	
287	-0.06199785483227678	-0.762773785089886	-1.0699600081865408	
288	-0.9012348109928618	-0.9861839196116857	-1.3923785748448565	
289	0.5342712287657716	0.3485602827024404	0.5055494332422166	
290	0.037968554679876296	-0.8519572633173269	-1.197737339346291	
291	-0.08826978061254807	-0.0595863883978641	-0.07080957706872915	
292	-0.7208155882416947	-0.9968758684498666	-1.4086667606648304	
293	0.38512236793516197	0.19867126185214207	0.29416057913948457	
294	0.6295178799226452	0.9314150649301514	1.3122544013133544	
295	0.8869863368381916	0.8651820707073266	1.2302555083378124	
296	0.6099547858801078	0.9395669575470325	1.3240734418708096	
297	0.21144136004598044	0.9651812693629066	1.3613847346722747	
298	0.8057550872249424	0.6694783103985972	0.9567545040235674	
299	-0.27215789944376345	-0.7365491465193317	-1.0507070735481463	
300	0.05537183500103271	-0.541231870844901	-0.7540490408295399	
301	-0.2753495136984041	0.10478197036834949	0.13477312578410416	
302	0.33009939846228603	0.7647988799346541	1.0902235565660927	
303	0.26298147144523404	0.692017645684132	0.988346103239941	
304	-0.31885751907266263	-0.5244121073293174	-0.7301206309005869	
305	1.3272658593573816	0.9313273035081125	1.3219445000555894	
306	0.5229205975219937	0.9997955308609737	1.4141327314589622	
307	0.42024150321505593	0.547086078741772	0.7849438820713703	
308	-0.24240923114179969	0.03589204815559803	0.06422645475487043	
309	0.23231344155772468	0.5080728635675867	0.7301000564043463	
310	-0.6670326195559441	-0.5492090256488688	-0.7653998600954617	
311	0.4683297337367208	0.2671896832430878	0.36485771077103246	
312	-0.6359237525205845	-0.7758838754203072	-1.0887124533907073	
313	-0.11208453258665074	0.20727163348920002	0.3062987601999443	
314	1.2253807130378003	0.953334960152808	1.3440886632807072	
315	0.9979696848361009	0.9834868241337839	1.3883579134272745	
316	-1.1182766685774768	-0.9958849623642008	-1.4071085531011556	
317	-0.5272477780516983	-0.30935313049097635	-0.42465425331266854	
318	0.2639190432436002	0.3843342789874391	0.531062864168925	
319	0.8681206050797675	0.8995408953450355	1.2779730239666316	
320	-0.7658472183168483	-0.6892053084185307	-0.9844052349814744	
321	-0.3344631965811442	-0.5179274566498749	-0.7439565407953289	
322	-1.1301521668466827	-0.9825691324424755	-1.3920050878199692	
323	0.27817936681145994	-0.022472862246512775	-0.018304963696780252	
324	-0.941902256477822	-0.733147173137855	-1.0459458564160469	
325	-0.5823086622829015	-0.10782627560874004	-0.1658822963808242	
326	0.3056118486266791	0.6452763112346517	0.922813895880944	
327	0.0365923814458073	-0.2134775510072114	-0.31505685440510445	
328	0.5656004526471518	0.5454031059516342	0.7599841753470203	
329	0.1760165953939337	-0.5773264950195597	-0.8274311902211638	
330	0.2933147273341909	0.2140782827101247	0.28957271397817996	
331	0.544574038036824	0.27035900019555553	0.3693515181948809	
332	0.06742850888577966	-0.0170441706325642	-0.037579467958807955	
333	-0.6911232107884154	-0.8687639801088083	-1.2218871312727424	
334	-0.7210889176867232	-0.7556353355240477	-1.059752937797705	
335	1.094453429077365	0.9620021134817183	1.364094821459466	
336	1.0722801253185763	0.9847309478950778	1.3949029788443514	
337	0.7537056213502371	0.27003123843337307	0.36888677436178907	
338	0.9227528174427901	0.978184313297653	1.3860986856434323	
339	-0.2399305578140966	-0.9984186930208726	-1.4111554393713637	
340	-1.0811564535822102	-0.9986357032458087	-1.4115161943234482	
341	0.3230697373898921	0.007244089978168868	-0.0032338447014103044	
342	0.5518764162802565	0.7784680285543855	1.0924098480892246	
343	-0.2436909904463159	-0.871289658688345	-1.2387484824680242	
344	0.36031422987639017	0.8167492625095601	1.1472284710132954	
345	0.48261732485102254	0.9192337897557256	1.2946272306363482	
346	-0.15732200532645427	-0.7456777923233957	-1.0455189877065838	
347	1.1129770150227638	0.563289088561072	0.7854382075171239	
348	0.8383537577990997	0.48300057823571196	0.6712329673803159	
349	-1.080286670630037	-0.9387774353657591	-1.3322151258299093	
350	-0.9021866457937977	-0.8405595921918133	-1.181375266248923	
351	0.1644655062430209	-0.34833541708100785	-0.5052325663739157	
352	-1.164728491567651	-0.9953482908245791	-1.4088696583850497	
353	0.23134625093612307	0.5017564331820232	0.721217481440829	
354	0.676472952323348	0.37670882650074994	0.5452080263355683	
355	-0.34681469045442187	-0.9442909871582933	-1.3309325610940441	
356	-0.5483024347598772	-0.991130019077207	-1.40339707945085	
357	0.6004493337052711	0.911686398805068	1.2837226061242533	
358	-0.38523565192856024	-0.9373837452769628	-1.3302951089525428	
359	0.47035631847779347	0.7677198943974168	1.0770337961546337	
360	-1.115477242648579	-0.9635225510509444	-1.3661719636490464	
361	0.6950138131168898	0.3730156097255469	0.5149941561188249	
362	-0.04931841692595617	-0.07249948669644286	-0.08908214644399537	
363	0.07058751839519449	-0.022349569067080768	-0.018130571477246837	
364	-0.5036674479510933	-0.7851052374751931	-1.1186040752831636	
365	0.2689922810573436	-0.043803642348442216	-0.07541037777624526	
366	0.9883951358445096	0.9686796266553362	1.3665107670388363	
367	-0.3716586356161212	-0.5094599539392413	-0.7088543459728134	
368	0.17432343523890048	-0.2389806937830944	-0.3248665115188908	
369	0.16749738816988652	-0.04156811510690188	-0.04531674860921231	
370	1.2102135530894493	0.8922091254563508	1.2556297792605597	
371	0.7018626408443349	0.8621990615199139	1.226105986344588	
372	-0.5273057122837517	-0.746738375296041	-1.04703483389851	
373	-0.7539098077339128	-0.8345115221193962	-1.1875503943127612	
374	0.4401492019696366	0.9728943466822371	1.3789347763004436	
375	-0.48960460884060003	-0.05919319629882153	-0.07025322942542445	
376	-0.14245661830706516	0.4929874861139419	0.6854312050353711	
377	-0.3135467955344041	-0.9622377761024409	-1.3570789418958482	
378	0.7589579796369091	0.9878329812071516	1.3990394941905753	
379	-0.6978424979490732	-0.7684621621078008	-1.0953450317311422	
380	-0.3084961062365367	-0.8151506869037096	-1.144937436336309	
381	0.5125947032511102	0.49298995724695244	0.7088881186069695	
382	0.9261696020895855	0.2835857808333232	0.41395773435173244	
383	0.32622868994814813	-0.2594226821244979	-0.37987938697222867	
384	-0.2053913092103875	-0.8398843267922695	-1.1804062370462307	
385	-0.8146780723428853	-0.9740108633051809	-1.3743439309367205	
386	-0.2825618041871992	-0.6849809720903144	-0.978485236869469	
387	-0.0030985951736341704	0.5641866765542052	0.7867157882709791	
388	0.13180316754611862	-0.5419321412554207	-0.7777005421902565	
389	1.1283547462750734	0.9155180560924444	1.2892571889939997	
390	0.4237718796912056	-0.048768649863479195	-0.05550376820499425	
391	1.5439705828863268	0.9546971331228611	1.3540952112244085	
392	1.2022540873442364	0.9681630830820283	1.3657532540710853	
393	0.5517781160268841	0.7993787550565321	1.1385391386966337	
394	1.1020388760769089	0.9714833259475413	1.3706266556557745	
395	0.7662067669345326	0.9794111784411701	1.3877546276919777	
396	-0.9861927880299567	-0.873436830477103	-1.228606960607771	
397	-0.39803970663459937	-0.6514234405063117	-0.931436296529772	
398	0.3618347496996238	0.2384520394650658	0.32411716377255373	
399	-0.5363646479132074	-0.9201875458135524	-1.2960060991298445	
400	-0.6774907931223877	-0.8926123755958952	-1.2562107846318034	
401	0.08324285578957936	0.6598059785641812	0.922936010969136	
402	0.44120285895308836	0.6586416720360379	0.9212757497609657	
403	0.3303263707144695	-0.39938695480658065	-0.577149577182323	
404	-0.11568930609409993	0.5479014738715796	0.7635392240928631	
405	-0.21103517289720536	-0.8899188817028922	-1.2523304291034167	
406	-0.1460070441577498	-0.04868191903582553	-0.055381060835696716	
407	0.6160035422169639	0.4393127555202507	0.6333619680137048	
408	1.0196163169626549	0.7947747164423522	1.1157500173848558	
409	-0.5115235368005229	0.10196110132457435	0.1575964023142954	
410	0.3302994851543058	0.3399786125347653	0.4934560840552458	
411	-0.09760475862248487	0.23176782712783345	0.31464289668008993	
412	0.2958521612957253	-0.10432467045093352	-0.16093553855132747	
413	0.21572474462640798	-0.1739044858004368	-0.23265386614459993	
414	-0.26861995302756925	-0.37918986269875365	-0.523759251149535	
415	-1.0128308650257076	-0.6102259588488513	-0.8522726553256391	
416	0.6671466856426721	0.471355423968131	0.6546797519703335	
417	-0.8329776320168784	-0.269294687045487	-0.3678424006269898	
418	0.19947525526704954	0.8519249560217258	1.1976909435407388	
419	-0.5335691903354193	-0.7363179023901659	-1.0321434863376806	
420	0.6958901361698313	0.8274700041222979	1.1625978848135416	
421	0.9197908977210955	0.7007067761238461	0.9812878463607965	
422	-0.03190652071972575	-0.6678148706704675	-0.9343575930030582	
423	-0.16279756033023393	0.301133386534696	0.41299479501770725	
424	-1.0361634719405757	-0.9532404234767549	-1.3439509530199218	
425	0.7480255057816083	0.9202545468647242	1.2961029718323172	
426	0.6830907630008082	0.5620170254565748	0.8059243507680269	
427	0.7835358704792357	0.8024932179645207	1.1268031950165294	
428	-1.244320829674202	-0.8920857413815095	-1.2676328983748621	
429	0.14704033864056743	0.39783891498523855	0.5502377849883575	
430	0.3690372836696686	0.6317380503023422	0.8829237112596113	
431	-0.556342770126893	-0.29855660403882023	-0.4093399235802662	
432	-1.0874401642739082	-0.7027751879549027	-1.0034177744538475	
433	0.03603360141732743	-0.07101209319554457	-0.08697730766071232	
434	0.23912567244193744	0.29207369000941874	0.4001451057823209	
435	1.4822588011141788	0.9768947779138781	1.3843557170621845	
436	0.2472808511804642	0.22303601403047424	0.302267325524333	
437	-0.21466918303465107	-0.44923325524460794	-0.6473247266116051	
438	-1.1399163525656066	-0.996899715431507	-1.4087045483703067	
439	-0.8728154512870161	-0.9995019974094642	-1.4130197615730564	
440	0.81253266897842	0.36769869008276845	0.5074466646202375	
441	0.46502039477265183	0.9550496147318464	1.3545783990787243	
442	0.27403056027648337	0.058451059470248076	0.0692031477167101	
443	-0.0748295212707569	0.37425953561112063	0.5417577375907866	
444	0.2638918830552164	0.9050352213320614	1.2741220861749387	
445	0.5509030708768667	0.4167577674480715	0.5771055944785066	
446	1.2338798887594429	0.9469980794023318	1.3435264992571057	
447	-0.24090031830328107	-0.4198462242498084	-0.5814923043095674	
448	-0.5187106353201548	0.13694217149198834	0.2070081240059961	
449	0.9433489544236704	0.9878528032149343	1.3990658277401549	
450	1.0207287024299445	0.7082928224994436	0.9921171497928776	
451	0.621337561344286	0.8246241426371942	1.1737661685001881	
452	-0.012199058822221436	0.19062659566753287	0.25634320845221037	
453	-0.36532547043527164	-0.5714168570505035	-0.81912996889119	
454	0.3007709353132202	-0.0887209288762767	-0.1388899137758196	
455	-0.791740298112948	-0.9964079043412079	-1.4102109714458364	
456	-0.3225205578111744	-0.9326984984745001	-1.3238360466826742	
457	-0.2933786730920716	-0.9588171030654694	-1.3520823666321502	
458	-0.09904161797679074	-0.16780815227143214	-0.2505930812577539	
459	-0.11741256744246902	-0.23057380794586863	-0.33918104146195893	
460	0.18521552222934443	-0.5683330350969288	-0.8147978097918568	
461	-0.5395238380655629	-0.24520211996108712	-0.3598193678372451	
462	-0.08318016180859925	0.09288533265228924	0.11793357747879962	
463	0.5476732203641764	0.9362269193363969	1.3192284080352514	
464	0.8180077719519558	0.9365773452971466	1.3197365658246119	
465	-0.6518779243174632	-0.7394532712932651	-1.036623568444616	
466	0.31399009859274285	0.46369381621264805	0.6437904776841877	
467	0.627546137423999	0.5388764153951736	0.7734057420806905	
468	-0.33888626001990735	-0.29970579051892954	-0.4366875861727319	
469	-0.2817857764635921	-0.7759608394860273	-1.1058264370111455	
470	-0.3907594114474722	-0.7096651281914541	-1.01306854356146	
471	0.5252256246151753	0.3856608913667123	0.5578178323718805	
472	0.5097331575078768	0.2826897173458837	0.41269413227615753	
473	0.20066042187851804	-0.016535537156666866	-0.036860299389218865	
474	0.009405655523947662	0.40002000489802086	0.5780410839356138	
475	-0.5531338574904836	-0.91032890672948	-1.2817624897964595	
476	1.1986216681501405	0.9898368790990383	1.397860429055822	
477	-0.5890839232260575	-0.7236508284648631	-1.032652688553349	
478	0.9096147944211037	0.9782972475468862	1.3862512144254322	
479	-0.277897541551037	-0.9896118064312205	-1.3975211445242897	
480	-0.2471047169573816	-0.9438168343604221	-1.3391521470392371	
481	-0.5625647931848322	-0.063409128298433	-0.07621867680049199	
482	-1.0815333813293255	-0.6302832972669743	-0.9017788827639998	
483	0.5231822238225863	0.5336593806052344	0.7432753603276625	
484	-0.25437633915766206	-0.4738923414204161	-0.6582856702399509	
485	-0.7262513810009469	-0.6277169707393488	-0.8771933684754684	
486	-0.17287711718128232	-0.02630316313463594	-0.023722840580235438	
487	-0.7105139588768554	-0.8316651559001328	-1.1686144595228556	
488	0.25956787113880314	0.9357300763333243	1.3185079940708555	
489	0.9435360924314402	0.994205384625109	1.404505987058485	
490	0.7099033136864685	0.8274091741215519	1.1625106540135675	
491	-0.7569096051480321	-0.8417762614505203	-1.1831213264477676	
492	0.11698641142603293	-0.07213461045914821	-0.08856580037116002	
493	-0.5526015061856779	-0.6746425680881057	-0.9440963117333352	
494	-0.40599974290011387	-0.8772903732220201	-1.247088698991	
495	0.580823824291111	0.9098159448331343	1.2922093174914444	
496	1.0507750115811294	0.8510232256786756	1.1963960275996608	
497	0.6398207170690607	0.7150065015010418	1.0205489719273806	
498	0.870747124062939	0.9144164279619361	1.287665655006077	
499	0.16207835012170527	0.04803046832852804	0.08138512220463423	
