InstanceID	EndpointPrediction	BestPrediction	TrueEndpoint	
0	-290.1865380816291	10.968869076602914	10.968869076602914	
1	-879.0410585081219	-6.897515294701577	-6.897515294701577	
2	1675.1187402675519	187.07932664399323	187.07932664399323	
3	321.7423879660898	25.43172023740101	25.43172023740101	
4	-717.2708791753842	-144.00346413861593	-144.00346413861593	
5	-51.60210928155621	-21.13179478767728	-21.13179478767728	
6	199.31157707128227	-121.07940836721103	-121.07940836721103	
7	730.3835737476325	197.8112453897508	197.8112453897508	
8	258.52988821347486	129.01286093576834	129.01286093576834	
9	810.6022051850885	150.36292735145815	150.36292735145815	
10	-404.61827863006084	-191.4237501275173	-191.4237501275173	
11	337.6831504569098	102.59084721171382	102.59084721171382	
12	-900.4464079834078	-182.6829329264114	-182.6829329264114	
13	2318.4890464025384	75.6496117443017	75.6496117443017	
14	99.60210296155577	-96.09631937788043	-96.09631937788043	
15	177.1990969500778	-93.46868242716992	-93.46868242716992	
16	14.4877172806587	191.82013685220323	191.82013685220323	
17	-1127.2277295469228	-183.6025618930126	-183.6025618930126	
18	456.75053992892487	111.54787777996665	111.54787777996665	
19	-266.67512956370916	-153.00459287608493	-153.00459287608493	
20	207.1814659299388	-91.72513111968226	-91.72513111968226	
21	-234.50269471344407	166.81195307363748	166.81195307363748	
22	465.5411857089311	150.9423884551294	150.9423884551294	
23	-818.4448997384941	-63.79853544005016	-63.79853544005016	
24	-820.6248490186488	43.113095616681306	43.113095616681306	
25	-101.84979495882742	-112.8244346418214	-112.8244346418214	
26	-41.78205937321524	110.91050064913259	110.91050064913259	
27	2971.490046820788	80.11734684534935	80.11734684534935	
28	-62.72851565769902	-177.9260518639872	-177.9260518639872	
29	78.59558689175378	27.03404310982816	27.03404310982816	
30	252.02968604778923	-101.73668468689317	-101.73668468689317	
31	637.0607077447529	113.3871387116053	113.3871387116053	
32	505.9897757976448	-1.7396310639706485	-1.7396310639706485	
33	-663.8322072365111	183.53495331340298	183.53495331340298	
34	140.82106761108474	186.46551897530776	186.46551897530776	
35	-38.78519452862806	-120.89907605490617	-120.89907605490617	
36	115.6525453705462	61.81747535223968	61.81747535223968	
37	-1839.3646457780724	66.77554411408204	66.77554411408204	
38	-13.352565020682885	189.2830397846268	189.2830397846268	
39	-194.61051224416255	-15.47492552350758	-15.47492552350758	
40	182.56352218104595	49.379366029031786	49.379366029031786	
41	215.5134666662647	183.65798473656002	183.65798473656002	
42	408.61350256690775	57.03992132511641	57.03992132511641	
43	134.96352967575612	170.80518615785292	170.80518615785292	
44	-88.28443702968994	33.48022287459929	33.48022287459929	
45	-2016.5539049689232	-120.58730212337159	-120.58730212337159	
46	-25.11146642862085	-58.918000416351276	-58.918000416351276	
47	1978.6469108385909	151.24509091109974	151.24509091109974	
48	-71.39611631757955	-167.58816237927616	-167.58816237927616	
49	2133.7510254669974	96.65917133721712	96.65917133721712	
50	-524.8563384861205	-91.94703628274995	-91.94703628274995	
51	176.20798452506284	-15.364236157734382	-15.364236157734382	
52	-544.679732140428	-125.58144055753536	-125.58144055753536	
53	-364.37822705872776	-39.988523283143365	-39.988523283143365	
54	-1091.2609428797743	8.21934394235791	8.21934394235791	
55	-176.25668700704884	-37.76960965038987	-37.76960965038987	
56	568.3175050398553	-162.747715077503	-162.747715077503	
57	790.2438885446769	-136.1271746167365	-136.1271746167365	
58	-73.75045751101719	1.2723854893905013	1.2723854893905013	
59	-154.80542372954523	164.58025709143772	164.58025709143772	
60	-45.14831515609714	-163.04221154713946	-163.04221154713946	
61	-3.032721851592616	200.44752066845263	200.44752066845263	
62	-499.21893705137387	6.980147683393909	6.980147683393909	
63	-970.5296114566834	-69.57911474234034	-69.57911474234034	
64	1463.2901452141516	-71.77324432034803	-71.77324432034803	
65	-3190.8032009618823	-158.80870317595736	-158.80870317595736	
66	-0.21642028425507723	-45.87153202449133	-45.87153202449133	
67	-119.67303158803131	80.6096962183401	80.6096962183401	
68	-106.997006096323	-129.5184081868738	-129.5184081868738	
69	-958.0399941607752	-114.80202661985216	-114.80202661985216	
70	-374.921635162028	95.7118500054869	95.7118500054869	
71	-1030.8067486929147	-182.72971598967197	-182.72971598967197	
72	-205.0883745252505	-74.87266355028622	-74.87266355028622	
73	374.90270854140795	-181.59611081414985	-181.59611081414985	
74	-30.536104972170715	71.49345216216852	71.49345216216852	
75	-292.3019593418718	86.1805779444287	86.1805779444287	
76	65.27044669999135	157.92385434430662	157.92385434430662	
77	414.5962755164409	154.06677622012376	154.06677622012376	
78	-757.2148772935456	-132.5800349081498	-132.5800349081498	
79	-126.91261274273039	-70.54738156979953	-70.54738156979953	
80	1530.9632356231389	-145.134429210534	-145.134429210534	
81	-318.64152913980746	-143.87846324328015	-143.87846324328015	
82	-371.5999387591557	-83.06141807811917	-83.06141807811917	
83	110.29545793328255	-45.02770761695797	-45.02770761695797	
84	-2430.192536055446	-57.983832238011814	-57.983832238011814	
85	-1600.2764242910616	-96.63014631433454	-96.63014631433454	
86	194.42891843177804	33.81274319089786	33.81274319089786	
87	-122.68033930060602	72.83250150901716	72.83250150901716	
88	819.3946775849124	132.24348746990557	132.24348746990557	
89	-436.3735949919328	8.164731379274343	8.164731379274343	
90	-246.78612434864218	-126.89127357918193	-126.89127357918193	
91	672.3828451163699	-104.55535814675623	-104.55535814675623	
92	-463.6929219499008	134.87652521868614	134.87652521868614	
93	-715.1932907206841	198.3753330077326	198.3753330077326	
94	651.3506739090711	144.1885681856532	144.1885681856532	
95	354.11374825715643	200.86294948453866	200.86294948453866	
96	97.87925263175613	38.52847177033209	38.52847177033209	
97	333.5442822396851	46.358037868379114	46.358037868379114	
98	588.3079087094904	132.30995375282504	132.30995375282504	
99	-745.3900642603276	90.34186533055401	90.34186533055401	
100	340.4376208122844	182.6490986702621	182.6490986702621	
101	-2951.1131931147975	137.36504000793644	137.36504000793644	
102	-483.966079118854	17.532528280595756	17.532528280595756	
103	148.13903234419143	156.4759823724553	156.4759823724553	
104	422.6995208330708	130.36966911564622	130.36966911564622	
105	781.9764097216092	176.64741290310508	176.64741290310508	
106	163.98433780921238	160.76478498656297	160.76478498656297	
107	1152.004736575043	111.64904552932484	111.64904552932484	
108	316.3988898030814	37.6972106509094	37.6972106509094	
109	-319.636989765353	-84.07256109983481	-84.07256109983481	
110	-703.239824619435	-91.94753331535968	-91.94753331535968	
111	-2540.794275438402	155.6922519541066	155.6922519541066	
112	473.4633734541214	-167.4246788489396	-167.4246788489396	
113	-1284.936857351858	-134.47614976763583	-134.47614976763583	
114	-952.3705559496383	52.64799204526099	52.64799204526099	
115	-383.50812239300495	113.04450004237066	113.04450004237066	
116	-348.2546720383611	-44.43457965999002	-44.43457965999002	
117	-369.6147438569789	-142.9983631074746	-142.9983631074746	
118	379.1386446734361	164.3189873978854	164.3189873978854	
119	564.2188257488596	66.1157678283912	66.1157678283912	
120	779.7458757022603	136.04131213884216	136.04131213884216	
121	-128.9025577506041	61.196521096783215	61.196521096783215	
122	-63.39003412436488	-70.6582110359489	-70.6582110359489	
123	220.60921977235222	-9.453219886447584	-9.453219886447584	
124	-163.1694010331842	95.96570896121705	95.96570896121705	
125	-192.0200082995501	-97.30571375805293	-97.30571375805293	
126	-1283.9315649734533	98.64476098093127	98.64476098093127	
127	998.2425912234756	195.966966717256	195.966966717256	
128	-1295.1894954082943	73.0413263880314	73.0413263880314	
129	-1476.253823464897	50.92604137033018	50.92604137033018	
130	943.3703694607756	29.7865816527694	29.7865816527694	
131	5.360707555292292	-95.48120724291434	-95.48120724291434	
132	-469.32001191035295	175.67018269450455	175.67018269450455	
133	484.92011480768906	197.39730018361882	197.39730018361882	
134	-192.59141223316348	110.23675338334482	110.23675338334482	
135	-266.74439460458314	-61.51829600635827	-61.51829600635827	
136	779.1083317374573	147.55427763898297	147.55427763898297	
137	265.5882939788823	-100.19521168364791	-100.19521168364791	
138	-347.184103677827	42.91591445237202	42.91591445237202	
139	-352.53832530025	-97.8199234967567	-97.8199234967567	
140	69.07966009508753	-4.3371312462304275	-4.3371312462304275	
141	93.69640414231363	-123.44109931822095	-123.44109931822095	
142	990.351000929576	-24.744906041249976	-24.744906041249976	
143	-99.84360040348662	-177.07013275643132	-177.07013275643132	
144	208.90615990770704	35.8432990131887	35.8432990131887	
145	202.1006584967834	-156.67284962957206	-156.67284962957206	
146	45.26761645349354	69.6482898420378	69.6482898420378	
147	-41.11147971369776	49.36547863896695	49.36547863896695	
148	-798.594255843923	-21.258180326578184	-21.258180326578184	
149	-509.8936525562932	-23.62876402944883	-23.62876402944883	
150	428.5961883453064	57.60737301663801	57.60737301663801	
151	455.20495243024493	-16.66326484589885	-16.66326484589885	
152	-295.2517743648821	0.11129658156787059	0.11129658156787059	
153	-69.96985133679154	-127.67054296680999	-127.67054296680999	
154	69.94449981795016	-27.94346360883273	-27.94346360883273	
155	584.2970995355563	-118.7467692870125	-118.7467692870125	
156	97.6541356643812	-179.39769616407804	-179.39769616407804	
157	2024.2571529187053	50.873425897407714	50.873425897407714	
158	-291.58237676807846	-121.51536858050943	-121.51536858050943	
159	-810.6707434189557	42.734439898890145	42.734439898890145	
160	76.06532149663667	53.17904120333597	53.17904120333597	
161	-105.74283556127342	141.02718917228452	141.02718917228452	
162	1291.0660630547886	-17.085476589341454	-17.085476589341454	
163	-77.73237698139914	-34.5976146311512	-34.5976146311512	
164	-1743.2362756140326	129.091186129643	129.091186129643	
165	-535.7187131417164	11.807623922120513	11.807623922120513	
166	489.5405919639549	-120.53645159755553	-120.53645159755553	
167	2614.0903035033034	192.2738279645405	192.2738279645405	
168	1677.8128235500037	-112.03857461177142	-112.03857461177142	
169	217.5908831958864	99.6983899926708	99.6983899926708	
170	255.75560836626602	58.865219548465944	58.865219548465944	
171	-193.72206139795588	-172.03552374745416	-172.03552374745416	
172	-278.5011322553663	101.99992239329191	101.99992239329191	
173	-415.48031587648165	-26.321116313114658	-26.321116313114658	
174	172.17277884592582	-129.94612887245478	-129.94612887245478	
175	702.6227936163367	-95.38606287036735	-95.38606287036735	
176	445.92900302002283	-76.83909909115856	-76.83909909115856	
177	-2170.1808770235552	152.91877034296493	152.91877034296493	
178	538.564496588572	77.44982276844615	77.44982276844615	
179	1139.3315502662967	68.51696899449558	68.51696899449558	
180	-788.1172947495636	-155.02837353614188	-155.02837353614188	
181	-391.8382628002421	34.86556831034571	34.86556831034571	
182	-272.86416876617216	127.46040380291282	127.46040380291282	
183	214.86537992989773	117.7708928807977	117.7708928807977	
184	284.5735981304257	-156.01461190887946	-156.01461190887946	
185	148.150232919027	-11.77327553956647	-11.77327553956647	
186	198.72320802409564	-152.31487442201782	-152.31487442201782	
187	749.2818539448594	-74.10581426762518	-74.10581426762518	
188	120.67402846027429	196.83586666487508	196.83586666487508	
189	-402.93453533486485	91.68689035557713	91.68689035557713	
190	35.30537003439639	91.91238844619187	91.91238844619187	
191	1395.1803139416022	173.24133041047912	173.24133041047912	
192	-709.8635231528813	-121.60732498383642	-121.60732498383642	
193	-322.4087638261344	-104.65578113306171	-104.65578113306171	
194	-173.95156055977247	100.64025871888083	100.64025871888083	
195	448.8214222750858	74.3822550064022	74.3822550064022	
196	-147.69854974429316	63.51900539514679	63.51900539514679	
197	212.0079730161471	-67.1787931319649	-67.1787931319649	
198	420.70806350522884	71.49261212791959	71.49261212791959	
199	417.3503860984368	89.65334691060627	89.65334691060627	
200	-351.8416686444054	-82.96060051215503	-82.96060051215503	
201	444.4266341961648	57.60850946731108	57.60850946731108	
202	438.54926497678855	-84.25816845885635	-84.25816845885635	
203	-268.36731924920116	-104.06803523380594	-104.06803523380594	
204	2058.473161094472	-108.43626948530346	-108.43626948530346	
205	-1904.4588045044502	-153.8229488855974	-153.8229488855974	
206	-146.52406716601243	-141.57694965302278	-141.57694965302278	
207	638.4754854614564	166.10221917887134	166.10221917887134	
208	1972.175818631778	94.40868345580418	94.40868345580418	
209	-183.817984593182	32.874445686144384	32.874445686144384	
210	-621.4962354524425	-65.0556595930542	-65.0556595930542	
211	691.6239249092464	197.51577817552817	197.51577817552817	
212	589.0159059853331	111.34484896476931	111.34484896476931	
213	-0.4294300124053024	54.04337307905254	54.04337307905254	
214	1701.4417027358459	-20.5241859190956	-20.5241859190956	
215	-770.7578793545455	-98.6651871125398	-98.6651871125398	
216	620.104513585789	-1.9753457084997024	-1.9753457084997024	
217	4.747006951137032	-183.54470766719663	-183.54470766719663	
218	32.70867131451558	45.571214117164885	45.571214117164885	
219	10.500952713769358	-96.78662062987746	-96.78662062987746	
220	220.66670193476165	-8.532301310010638	-8.532301310010638	
221	-118.04359921516694	-106.8520356248049	-106.8520356248049	
222	-329.28299374102346	-162.7426082090849	-162.7426082090849	
223	-542.9162912764184	-112.1489105087598	-112.1489105087598	
224	700.2460586329753	-189.52861448635943	-189.52861448635943	
225	-1594.9981768343791	-157.6714040697865	-157.6714040697865	
226	732.1318822239004	187.91533608407946	187.91533608407946	
227	-142.3612221485869	-51.64179818440505	-51.64179818440505	
228	335.5896175624205	143.35471173643737	143.35471173643737	
229	-1746.4929107083954	-98.50170794758924	-98.50170794758924	
230	-120.77321400899682	-182.2110755399349	-182.2110755399349	
231	407.8829804086582	49.764894899592946	49.764894899592946	
232	-631.7798685826708	-144.5935171899129	-144.5935171899129	
233	911.4106927662862	-179.30167156219818	-179.30167156219818	
234	1153.5335118689616	9.170160994026418	9.170160994026418	
235	-1874.327528731498	192.10421642498767	192.10421642498767	
236	1119.0496730450718	128.2649410288205	128.2649410288205	
237	-400.470730773923	69.3354392521781	69.3354392521781	
238	588.9652477400098	-14.406530069864004	-14.406530069864004	
239	1946.7289806025715	-90.40525036571319	-90.40525036571319	
240	-191.80393431227148	-77.33326816237229	-77.33326816237229	
241	500.1039000455853	141.76024344018242	141.76024344018242	
242	-21.745220122547764	29.019993199887892	29.019993199887892	
243	1080.943703176614	-47.381821699027995	-47.381821699027995	
244	1108.2925585737955	-160.76465703564796	-160.76465703564796	
245	-41.12950580179002	-61.52622341917544	-61.52622341917544	
246	-137.0800199532501	128.6893804421499	128.6893804421499	
247	732.7777439473911	144.4012093007358	144.4012093007358	
248	-54.96984780738733	15.130686275749412	15.130686275749412	
249	-513.5543538312739	-170.57185148643327	-170.57185148643327	
250	-1390.9472669616187	-145.23663106881088	-145.23663106881088	
251	1949.067535231968	9.579515891082224	9.579515891082224	
252	16.153121068923458	-121.14099387982023	-121.14099387982023	
253	-568.432745263861	33.45419497786409	33.45419497786409	
254	1023.3074463919683	26.295379270741847	26.295379270741847	
255	-461.78289772742573	-156.10180936566377	-156.10180936566377	
256	5.1760703439514115	72.59736810980678	72.59736810980678	
257	205.97929734382635	-76.4844763577332	-76.4844763577332	
258	-401.32664177289	-0.43228112603085833	-0.43228112603085833	
259	-105.86805640834302	108.12387997565003	108.12387997565003	
260	-505.09037410087024	76.92956435353051	76.92956435353051	
261	-420.3675890540231	-94.58382344710782	-94.58382344710782	
262	564.2128233887087	-192.46842129728162	-192.46842129728162	
263	-1020.1751778122383	-169.34816149255866	-169.34816149255866	
264	-3053.180431577912	-80.99692284500202	-80.99692284500202	
265	110.60604418345837	-109.20708326340039	-109.20708326340039	
266	-315.59944095283294	-17.871368829500682	-17.871368829500682	
267	-287.5765669653892	-144.52825596152132	-144.52825596152132	
268	1166.0943063727243	39.78221135458392	39.78221135458392	
269	-37.1555665340398	-117.48733298477643	-117.48733298477643	
270	-3439.9935314547856	-155.48033635281706	-155.48033635281706	
271	137.75936797904808	-119.17101358583822	-119.17101358583822	
272	907.1673924022896	180.34154390219715	180.34154390219715	
273	461.17544086436214	-91.91429319072328	-91.91429319072328	
274	366.81507584144333	119.92984120012181	119.92984120012181	
275	-170.9207173003344	137.59469409433547	137.59469409433547	
276	-1362.4436519262376	109.56690810829394	109.56690810829394	
277	-449.9695678328111	-35.744451851575064	-35.744451851575064	
278	-346.5166458018823	-149.70742461609763	-149.70742461609763	
279	-242.03251952308796	115.26723372530495	115.26723372530495	
280	1968.497788599889	147.77995253060146	147.77995253060146	
281	338.66447348688774	127.86424256545365	127.86424256545365	
282	-271.7712750773283	32.585940591421775	32.585940591421775	
283	-25.458629577755108	28.971230476039608	28.971230476039608	
284	-2624.865844026312	93.39912674689975	93.39912674689975	
285	37.69745599834828	-146.07161467397404	-146.07161467397404	
286	1265.053629852518	91.75256602698386	91.75256602698386	
287	15.923938883525345	90.75375569544269	90.75375569544269	
288	39.38353285519199	41.73037352538827	41.73037352538827	
289	-780.4693585392716	-21.391473367345327	-21.391473367345327	
290	-592.5084126817555	-106.1338530160499	-106.1338530160499	
291	-334.4641455818806	124.8572575300987	124.8572575300987	
292	3306.5150119289196	67.27434397960411	67.27434397960411	
293	126.97308158695773	-16.152063883308386	-16.152063883308386	
294	-66.01606057040173	36.946107853425644	36.946107853425644	
295	2615.1312828655655	44.31236686773008	44.31236686773008	
296	1077.4355045387215	86.69750068666991	86.69750068666991	
297	-620.8430135076943	-172.7167690207888	-172.7167690207888	
298	-1174.4967807556577	-157.96104174938858	-157.96104174938858	
299	-1910.57235447853	77.64454295149079	77.64454295149079	
300	2336.333736207422	-114.36809837277642	-114.36809837277642	
301	-50.57722273541088	180.20130689203444	180.20130689203444	
302	144.19708548579155	92.10862060185434	92.10862060185434	
303	493.0821431943772	85.80296162566106	85.80296162566106	
304	111.99904000977921	-76.2074654810906	-76.2074654810906	
305	-262.9224164182963	156.26869218853875	156.26869218853875	
306	-302.8812722587046	176.48088746740115	176.48088746740115	
307	100.98602026168152	114.18832005254717	114.18832005254717	
308	367.5656118846816	139.62394620174456	139.62394620174456	
309	610.4205420602032	175.12844718975526	175.12844718975526	
310	76.93623701978308	-52.545954045315625	-52.545954045315625	
311	-1894.1113477492167	1.8480874003919041	1.8480874003919041	
312	-16.04130166994496	8.431464503958011	8.431464503958011	
313	365.46610239346194	181.67111529590215	181.67111529590215	
314	-938.8866344985609	158.37827370466766	158.37827370466766	
315	-188.51005245437483	119.41975326609992	119.41975326609992	
316	895.5978532621465	-114.89696099944337	-114.89696099944337	
317	-2853.331711247725	26.217228570431104	26.217228570431104	
318	73.3774910492852	140.6625946372422	140.6625946372422	
319	-1665.3619653047606	23.399138669455255	23.399138669455255	
320	-74.14653750853763	-100.53590175969485	-100.53590175969485	
321	-661.1953768461262	-22.725078207213727	-22.725078207213727	
322	495.7170111971114	-43.51949938862367	-43.51949938862367	
323	246.4149421436241	91.07858378832219	91.07858378832219	
324	324.34645004035116	-0.9213342938482185	-0.9213342938482185	
325	1140.7549183440592	130.90500845237602	130.90500845237602	
326	195.94396621032908	-96.71046570530802	-96.71046570530802	
327	-21.102261784060016	-31.0252285676724	-31.0252285676724	
328	-761.2155678745564	70.57941026072001	70.57941026072001	
329	365.3551928823795	100.67503900133215	100.67503900133215	
330	-491.08604878357505	58.20068991236883	58.20068991236883	
331	-773.5666532506734	22.87308630050663	22.87308630050663	
332	-1258.170711913431	83.49108889894381	83.49108889894381	
333	179.71737498544053	69.28249986759926	69.28249986759926	
334	-2316.856955422791	-170.413359920103	-170.413359920103	
335	-2621.550301062859	105.80984607742056	105.80984607742056	
336	-606.3664128964745	-147.25715973131736	-147.25715973131736	
337	-1507.697034811749	50.67077024561158	50.67077024561158	
338	188.33971896691736	26.11716552221887	26.11716552221887	
339	97.33968348930962	-31.514886421389434	-31.514886421389434	
340	-444.7991644981811	-184.9866871633236	-184.9866871633236	
341	300.030783783045	37.800775555230985	37.800775555230985	
342	245.27714503804245	-7.5637951688958935	-7.5637951688958935	
343	-377.82753596892843	154.8994251444405	154.8994251444405	
344	360.0552148232913	185.17093670895855	185.17093670895855	
345	-309.00234192612953	-171.50545064065977	-171.50545064065977	
346	246.49080787327668	43.58232638999971	43.58232638999971	
347	-212.21267680995484	-31.667615939972592	-31.667615939972592	
348	-2754.3430383816676	193.5004199406486	193.5004199406486	
349	-1477.3095737752226	99.32293477086688	99.32293477086688	
350	471.0983092193402	119.48605850074978	119.48605850074978	
351	-160.39781058094422	74.52486577825658	74.52486577825658	
352	182.03413907400005	-99.78311769947291	-99.78311769947291	
353	662.6427503442565	-152.22868611800237	-152.22868611800237	
354	205.95436183983924	100.02958123856507	100.02958123856507	
355	-7.947738053740564	-150.96188469907747	-150.96188469907747	
356	-219.0793871762464	161.2162816940911	161.2162816940911	
357	-317.03527363992293	125.92476810324263	125.92476810324263	
358	913.1977190129365	39.87841556684606	39.87841556684606	
359	58.84640591162324	-86.14454919469419	-86.14454919469419	
360	9.788720288761516	175.7323073381791	175.7323073381791	
361	-585.3199956016683	28.76800593614709	28.76800593614709	
362	328.918513853894	146.0494862485715	146.0494862485715	
363	-589.1569453871327	-128.8318767453504	-128.8318767453504	
364	-47.81852395306527	38.443792183609276	38.443792183609276	
365	743.5848016967409	-190.7572245360512	-190.7572245360512	
366	572.1496678314511	181.18169216980135	181.18169216980135	
367	126.46568647383151	-194.30664465252983	-194.30664465252983	
368	629.3926720167644	-95.08721494692132	-95.08721494692132	
369	-467.8205189143647	112.48264266762072	112.48264266762072	
370	352.1859901616903	-177.22985247463822	-177.22985247463822	
371	-41.99834542668606	-6.8494302853545435	-6.8494302853545435	
372	-94.00984448830657	125.58091606836405	125.58091606836405	
373	-425.24853213522005	-120.21973460749685	-120.21973460749685	
374	55.63601105790824	-25.76553868882641	-25.76553868882641	
375	-1246.4255234816808	148.40963871368018	148.40963871368018	
376	221.66561667933516	161.22886041477648	161.22886041477648	
377	51.863854093194384	82.96400885240473	82.96400885240473	
378	1862.6153651772713	-137.787573494773	-137.787573494773	
379	201.5143164036048	93.35135209150502	93.35135209150502	
380	254.9420807677325	-114.88841711425819	-114.88841711425819	
381	55.529379423578874	42.331061851215225	42.331061851215225	
382	-170.66337669075656	-47.90928952719938	-47.90928952719938	
383	-17.557528393297122	71.34424045600127	71.34424045600127	
384	499.53204688096275	-18.137875001230356	-18.137875001230356	
385	1764.5167602695506	43.45674810196874	43.45674810196874	
386	479.50412902204414	-150.0689304970001	-150.0689304970001	
387	405.2070026713439	171.66034233308596	171.66034233308596	
388	156.8017539391005	88.37006684041233	88.37006684041233	
389	-3221.3112778104974	4.224226864213932	4.224226864213932	
390	-13.707827473900382	157.68528889872312	157.68528889872312	
391	-763.1157813046847	76.65372054958505	76.65372054958505	
392	-595.7032285329553	-74.84823157597978	-74.84823157597978	
393	-707.3302636787732	-181.45572604888997	-181.45572604888997	
394	801.616659215297	-186.3882439476999	-186.3882439476999	
395	200.627954002931	-5.033144452576522	-5.033144452576522	
396	-62.61375880653175	-110.57618085000811	-110.57618085000811	
397	-881.8293412959224	-92.15074911164217	-92.15074911164217	
398	-1151.293371243577	-145.6571596199577	-145.6571596199577	
399	494.3947256055088	-17.84976204238282	-17.84976204238282	
400	-681.1645435456733	117.38256135745968	117.38256135745968	
401	-293.3027730403092	-183.76336920512716	-183.76336920512716	
402	110.30094203884369	-54.47088767199503	-54.47088767199503	
403	-249.60503884028898	-138.3120963996947	-138.3120963996947	
404	102.90443622686118	54.00951424258972	54.00951424258972	
405	-362.76049829663407	142.79162381620495	142.79162381620495	
406	-4596.621750296998	-102.82385396447998	-102.82385396447998	
407	-45.60250120598489	46.340885309353325	46.340885309353325	
408	583.408243957757	-16.179876120715903	-16.179876120715903	
409	131.07626064412682	-178.0060358194472	-178.0060358194472	
410	362.7196097994771	-67.90981743194189	-67.90981743194189	
411	-429.3105594492164	-87.39859732092972	-87.39859732092972	
412	522.9499323078062	189.0242717101679	189.0242717101679	
413	-98.55001512688642	-52.82493392112548	-52.82493392112548	
414	131.32844592698353	95.10233906908559	95.10233906908559	
415	248.2731236174488	-75.48705597129593	-75.48705597129593	
416	38.76217633408967	177.47655409437743	177.47655409437743	
417	619.9508993591089	-179.9480584505015	-179.9480584505015	
418	-267.95303122392727	-126.01980688344747	-126.01980688344747	
419	-767.4000188894472	88.23404984572647	88.23404984572647	
420	86.25529997984842	-80.5845789087232	-80.5845789087232	
421	-1677.1482410305655	29.334264147394663	29.334264147394663	
422	-765.2016389457913	-177.0861503238137	-177.0861503238137	
423	-157.83809497370282	-70.42118918334535	-70.42118918334535	
424	419.56281817602775	72.77365686766268	72.77365686766268	
425	116.80992349226477	-106.58187432768946	-106.58187432768946	
426	-1922.9897192172104	-134.9392980102354	-134.9392980102354	
427	514.6540811735223	-118.1940041510172	-118.1940041510172	
428	-307.656026039892	19.931531358637926	19.931531358637926	
429	-708.7337146691209	53.21535284791008	53.21535284791008	
430	-272.7529161419636	-69.52431620757069	-69.52431620757069	
431	-217.9084219389554	-61.42067003658002	-61.42067003658002	
432	1248.6341795572896	-153.89143137979588	-153.89143137979588	
433	-437.0389673541718	-129.73312176777313	-129.73312176777313	
434	646.6380218582914	13.871953160916036	13.871953160916036	
435	621.770803744214	-47.23845085231051	-47.23845085231051	
436	520.4791430025571	-81.9853847230742	-81.9853847230742	
437	1498.9094500273065	15.420210082606303	15.420210082606303	
438	-2203.857491164614	111.884760146975	111.884760146975	
439	323.21768037853036	132.05699325165529	132.05699325165529	
440	-51.999821491847115	-82.4266373683069	-82.4266373683069	
441	18.3684146783851	-159.801397569481	-159.801397569481	
442	-632.0051290557141	-114.048957536488	-114.048957536488	
443	-68.03282490995706	-83.20733877104186	-83.20733877104186	
444	1111.1971425019742	189.91026019261068	189.91026019261068	
445	1397.0811125149396	-87.49829169095145	-87.49829169095145	
446	-381.0738662003028	-191.88783444418928	-191.88783444418928	
447	-356.5357778917322	-4.041465912833274	-4.041465912833274	
448	-250.19891187645996	54.219222939928954	54.219222939928954	
449	-150.0225471293959	185.31230890901566	185.31230890901566	
450	-354.1575189039367	87.65905109399222	87.65905109399222	
451	-240.67219855740282	-20.73197452924711	-20.73197452924711	
452	114.1296116572468	110.29178296134256	110.29178296134256	
453	1928.4749602802076	-146.587697186355	-146.587697186355	
454	203.44803448358613	-137.74909433304086	-137.74909433304086	
455	262.986753091671	167.86656996138356	167.86656996138356	
456	-2961.558262333526	27.583179025067864	27.583179025067864	
457	-633.5551444713708	-162.19507674409422	-162.19507674409422	
458	2415.1163273821594	171.96288869246956	171.96288869246956	
459	-279.85937851372574	45.94045306529472	45.94045306529472	
460	550.5738435865524	118.65086066937027	118.65086066937027	
461	-750.6965621034448	125.16395485175235	125.16395485175235	
462	-2847.5946189324195	-156.28193664788313	-156.28193664788313	
463	-1074.2271840589774	-194.95845971195473	-194.95845971195473	
464	-71.67390995289611	85.75502308277811	85.75502308277811	
465	1327.7855739361682	-41.11902209903124	-41.11902209903124	
466	-106.37437501150761	84.44032164381423	84.44032164381423	
467	156.63513313738352	191.0565518984335	191.0565518984335	
468	2140.428777563372	-82.74554997774958	-82.74554997774958	
469	-268.2045540533942	-179.1274295630714	-179.1274295630714	
470	-1876.5480357215636	-137.23764849607048	-137.23764849607048	
471	518.5374475103293	116.10030616034436	116.10030616034436	
472	-2044.335448211711	-136.30782161072307	-136.30782161072307	
473	698.6047695728681	-122.4165874445448	-122.4165874445448	
474	-1446.349333751662	-193.94250879114946	-193.94250879114946	
475	542.0330112973675	37.40343981011358	37.40343981011358	
476	36.89457598248043	97.93866172570642	97.93866172570642	
477	-1733.3525560529533	152.5808000800339	152.5808000800339	
478	2098.439796588165	-24.848061369442547	-24.848061369442547	
479	29.322337566421982	-151.91964599213884	-151.91964599213884	
480	248.52586335034042	162.41513476480708	162.41513476480708	
481	-453.1851759663021	-45.04632498382716	-45.04632498382716	
482	1286.7413244356392	121.60669917564229	121.60669917564229	
483	333.2861080639428	85.51114457332062	85.51114457332062	
484	381.92055280713487	161.64864244981038	161.64864244981038	
485	801.3987609462774	-178.85838994415974	-178.85838994415974	
486	-955.8418615602668	-173.36259820140214	-173.36259820140214	
487	135.44071271556152	39.927592139983915	39.927592139983915	
488	-92.45007708958094	-121.89526876102573	-121.89526876102573	
489	-452.45758581106935	-130.7276374936395	-130.7276374936395	
490	-1043.8765436618057	-175.73096285576042	-175.73096285576042	
491	683.9661500085556	107.82248276100796	107.82248276100796	
492	421.1753555780165	-47.51443381925563	-47.51443381925563	
493	-67.85401746748384	-51.09898845647788	-51.09898845647788	
494	-162.37450992777391	-93.88381103080089	-93.88381103080089	
495	160.75448695872203	125.18882000013872	125.18882000013872	
496	-690.1616825558004	104.55409836069344	104.55409836069344	
497	-315.79560774850285	-74.63643357340304	-74.63643357340304	
498	316.4805116390529	-113.22446625430585	-113.22446625430585	
499	-332.5211699755957	-5.13966915994078	-5.13966915994078	
