InstanceID	EndpointPrediction	BestPrediction	TrueEndpoint	
0	-153.09549667475068	-179.37968762299852	-179.37968762299852	
1	164.01559337873533	179.17158906423822	179.17158906423822	
2	-63.8711996345557	-70.42816085207424	-70.42816085207424	
3	91.06796538670048	123.56154627238345	123.56154627238345	
4	205.73419495154832	165.94197887337134	165.94197887337134	
5	-143.57202099671386	-135.15659586230757	-135.15659586230757	
6	-169.7013183233574	-192.71725004424442	-192.71725004424442	
7	-31.280151959959973	-37.52717979154639	-37.52717979154639	
8	89.80410877987522	113.88896494454178	113.88896494454178	
9	99.43356536316236	105.7826652092823	105.7826652092823	
10	77.85742944590581	93.40097514921484	93.40097514921484	
11	-156.76898206975952	-174.512189493903	-174.512189493903	
12	-89.67043286473374	-81.69897913765054	-81.69897913765054	
13	179.6282807787327	198.97867790499805	198.97867790499805	
14	46.723339254110456	77.12156268165455	77.12156268165455	
15	-65.21527678745643	-75.78520159914402	-75.78520159914402	
16	155.4025210706931	150.44268810748815	150.44268810748815	
17	-108.5664018470692	-112.62334120866211	-112.62334120866211	
18	-257.4308716355321	-185.3779438137922	-185.3779438137922	
19	-176.22813561379704	-181.79598105720626	-181.79598105720626	
20	-140.51606196728014	-160.51859286477702	-160.51859286477702	
21	142.31460226775386	181.1138321164322	181.1138321164322	
22	150.49864718798108	183.75624044324906	183.75624044324906	
23	-175.5138248556623	-188.42250510996485	-188.42250510996485	
24	-15.331008696282504	-20.080413953989733	-20.080413953989733	
25	-74.05756372208779	-66.5222597270072	-66.5222597270072	
26	43.8172456843064	43.90608319840871	43.90608319840871	
27	-141.6978906112655	-148.61682985201153	-148.61682985201153	
28	-118.66508113818219	-118.58349012001347	-118.58349012001347	
29	-26.167776897783586	-25.2303266964295	-25.2303266964295	
30	90.64656395897083	88.49057569752074	88.49057569752074	
31	56.24653336111725	62.51896286347784	62.51896286347784	
32	-71.80904259440669	-78.4691535748921	-78.4691535748921	
33	-136.60647824444928	-160.513843244536	-160.513843244536	
34	32.5936082671397	25.658392113121806	25.658392113121806	
35	-101.24842489484624	-165.53579689571885	-165.53579689571885	
36	-62.7804630050932	-64.7494828013113	-64.7494828013113	
37	-74.23504905841565	-72.22922777915203	-72.22922777915203	
38	159.50532213322865	176.87561085487738	176.87561085487738	
39	53.95944047374829	62.100642315978575	62.100642315978575	
40	-92.38985487784548	-105.89507620545245	-105.89507620545245	
41	-70.28465701539677	-83.93030834133735	-83.93030834133735	
42	17.8027671452139	22.556172307727024	22.556172307727024	
43	-92.28093132383593	-111.23059137299423	-111.23059137299423	
44	5.103925050309544	9.718367222818415	9.718367222818415	
45	-4.9189592501201505	-4.54987638748085	-4.54987638748085	
46	24.43803130274847	46.39753420292479	46.39753420292479	
47	43.78165371159285	44.614681337223885	44.614681337223885	
48	-26.758021317658724	-26.466364832467434	-26.466364832467434	
49	21.51076384847526	38.64717524540569	38.64717524540569	
50	-160.44379863302999	-186.7428262103809	-186.7428262103809	
51	16.625533310231905	17.341928678717778	17.341928678717778	
52	-38.48701065873499	-49.02108363293277	-49.02108363293277	
53	-112.13037771041198	-146.32050114496388	-146.32050114496388	
54	83.72975322932177	98.55361222615704	98.55361222615704	
55	-124.49426150632607	-127.46608022867568	-127.46608022867568	
56	-168.07169972691864	-159.44327545073318	-159.44327545073318	
57	89.19847875280469	111.68395791683287	111.68395791683287	
58	87.17387957035115	97.01599324930004	97.01599324930004	
59	-30.00325627038626	-25.21600699706832	-25.21600699706832	
60	68.85375374703835	145.70317801862478	145.70317801862478	
61	-110.0555866703541	-137.8861070818573	-137.8861070818573	
62	176.00783255175423	174.32232137177647	174.32232137177647	
63	144.03843599297198	149.33276477010975	149.33276477010975	
64	136.4822093565579	172.16692117006858	172.16692117006858	
65	98.17308496672656	104.99367935156573	104.99367935156573	
66	-112.74511274933506	-142.12232488636224	-142.12232488636224	
67	111.88655178631683	131.58189319887907	131.58189319887907	
68	-146.40972846825719	-170.75602369635592	-170.75602369635592	
69	-91.8884977228897	-109.71416853120107	-109.71416853120107	
70	-23.893173698850457	-40.72424646183734	-40.72424646183734	
71	-20.588153371746618	-26.189087274987315	-26.189087274987315	
72	10.94156526166962	11.970226968294924	11.970226968294924	
73	-170.1761344375005	-175.8867675738556	-175.8867675738556	
74	-51.43257169106663	-72.0191972607539	-72.0191972607539	
75	-159.98889581633082	-179.36593666060926	-179.36593666060926	
76	-61.69990869321669	-64.98618092241239	-64.98618092241239	
77	145.10579406040733	160.34461152907528	160.34461152907528	
78	-75.33086394804855	-76.13097274028887	-76.13097274028887	
79	-138.1915472414205	-170.57258059415602	-170.57258059415602	
80	-64.18187172164559	-59.15451747703847	-59.15451747703847	
81	-76.49924091500147	-78.0111447090697	-78.0111447090697	
82	129.22282215409402	147.4102769107824	147.4102769107824	
83	149.13677439012454	157.3162257476235	157.3162257476235	
84	73.70744357309194	72.30640023013416	72.30640023013416	
85	-107.74624511783821	-158.54786660485416	-158.54786660485416	
86	52.869602733296254	62.71644165456888	62.71644165456888	
87	24.21342021544913	30.23982731607154	30.23982731607154	
88	-106.2842812179633	-107.4131867450413	-107.4131867450413	
89	-104.42448983050423	-118.26206838674318	-118.26206838674318	
90	-41.99332258477385	-49.27203326816135	-49.27203326816135	
91	-119.1596910841898	-132.7205153660978	-132.7205153660978	
92	-81.55325567075421	-70.83082939669579	-70.83082939669579	
93	84.06167063555223	93.98534143361354	93.98534143361354	
94	-151.1635871961031	-84.00471142109296	-84.00471142109296	
95	-55.73893760691877	-55.32072976456041	-55.32072976456041	
96	-41.49561232288135	-33.866139286122205	-33.866139286122205	
97	-62.649275810524216	-59.37217207913454	-59.37217207913454	
98	78.78581239367388	82.38215533499505	82.38215533499505	
99	30.293426802782765	50.80592581124344	50.80592581124344	
100	-201.05968007233363	-193.59983627740036	-193.59983627740036	
101	-60.5885960208903	-65.17463522273238	-65.17463522273238	
102	27.912634762337063	31.927517308170792	31.927517308170792	
103	146.40373419782213	152.7046474542094	152.7046474542094	
104	-141.00245495173215	-184.7836905665815	-184.7836905665815	
105	-85.99130112107113	-109.03571723616265	-109.03571723616265	
106	26.400669588154337	21.648551326197577	21.648551326197577	
107	-33.853547989533354	-29.265081404147423	-29.265081404147423	
108	-73.09886854142906	-94.38349322373261	-94.38349322373261	
109	60.55860475594032	73.3404118998547	73.3404118998547	
110	39.808500294037835	38.88547906576477	38.88547906576477	
111	-130.67429299961228	-162.56724542836395	-162.56724542836395	
112	-171.34064945726436	-194.70650304491886	-194.70650304491886	
113	-156.77662868308238	-162.62382701223956	-162.62382701223956	
114	-124.09089948251423	-130.87161718265855	-130.87161718265855	
115	137.0582587859071	161.35053320258902	161.35053320258902	
116	241.1929506250093	193.89780756391832	193.89780756391832	
117	-160.3985897971614	-184.0864651823007	-184.0864651823007	
118	-8.515145157247213	-5.059136109173352	-5.059136109173352	
119	9.660276999658809	4.0060422243934966	4.0060422243934966	
120	-41.68200781870177	-41.75940371405068	-41.75940371405068	
121	46.911959098688655	47.277708573552445	47.277708573552445	
122	-54.08029937907091	-69.69076883803334	-69.69076883803334	
123	82.4222212364388	79.63238253575577	79.63238253575577	
124	150.63425638949693	160.27246242779694	160.27246242779694	
125	-106.56479994748473	-105.94637172488926	-105.94637172488926	
126	44.69819677901477	50.093640444122485	50.093640444122485	
127	66.92390540863126	76.0674362293721	76.0674362293721	
128	-146.4104184601706	-148.05794745274346	-148.05794745274346	
129	46.61196526137285	55.700404265215525	55.700404265215525	
130	-92.32376927106652	-105.58184119693033	-105.58184119693033	
131	199.67237582272642	142.97272516932975	142.97272516932975	
132	18.158520052424397	23.948241289155675	23.948241289155675	
133	27.248861728399625	31.96109215700892	31.96109215700892	
134	-64.38424968929675	-79.4968796736314	-79.4968796736314	
135	-149.8112385350517	-170.9736443168705	-170.9736443168705	
136	-112.63394360822677	-132.2599623979757	-132.2599623979757	
137	171.38072892156734	178.5952333291129	178.5952333291129	
138	-75.28310353987355	-79.81129763018447	-79.81129763018447	
139	152.48622209953928	183.6245430883464	183.6245430883464	
140	81.44441304936812	100.74461835035231	100.74461835035231	
141	150.90668246560944	174.543097897363	174.543097897363	
142	-58.131465258119704	-54.14287891928299	-54.14287891928299	
143	96.4743746632419	195.79986197663084	195.79986197663084	
144	-103.43391436556081	-126.04309271731003	-126.04309271731003	
145	-63.61172267229651	-61.10387422722869	-61.10387422722869	
146	43.417882131042134	60.6549401866348	60.6549401866348	
147	5.148588651275839	3.5883491743188642	3.5883491743188642	
148	471.06157133678687	173.90637490224987	173.90637490224987	
149	-49.66515457258243	-100.5703105224771	-100.5703105224771	
150	122.7469128194117	146.70765532799135	146.70765532799135	
151	-17.841689104054055	-15.782608336299717	-15.782608336299717	
152	-107.7974290669123	-115.91436216040572	-115.91436216040572	
153	176.59559313029678	188.0994626488657	188.0994626488657	
154	1.1881667121936075	79.81178440992215	79.81178440992215	
155	-9.174233071417488	1.73370243165499	1.73370243165499	
156	-9.062744974608012	-2.5862576294510973	-2.5862576294510973	
157	123.45060073663825	144.24916973724015	144.24916973724015	
158	-216.76875290972993	-189.4478980869512	-189.4478980869512	
159	-54.35602705475532	-68.02478400639973	-68.02478400639973	
160	34.4214705159032	54.78777539136243	54.78777539136243	
161	-170.59536555530187	-187.46844850147465	-187.46844850147465	
162	117.01743142773341	106.38947173846071	106.38947173846071	
163	-157.2860116210456	-164.2312555999917	-164.2312555999917	
164	-71.239338490711	-111.83906071353469	-111.83906071353469	
165	-25.972509413242406	-41.686191644417505	-41.686191644417505	
166	21.845745823054862	26.10585014647569	26.10585014647569	
167	-87.91114604149533	-95.46305073157944	-95.46305073157944	
168	93.2890224176914	121.13213488170874	121.13213488170874	
169	77.86585040312404	96.53112693619403	96.53112693619403	
170	177.15327764846862	202.18149519509933	202.18149519509933	
171	-40.812934509750676	-41.334080053199585	-41.334080053199585	
172	84.59056187203943	91.04618082733617	91.04618082733617	
173	-108.66566250440135	-126.88557850297639	-126.88557850297639	
174	-55.37902617920886	-59.42333666931083	-59.42333666931083	
175	-94.3029814218367	-88.2452174488637	-88.2452174488637	
176	42.41605188846349	41.41036244214391	41.41036244214391	
177	-143.3875712584435	-174.51634402699068	-174.51634402699068	
178	131.17321785283758	146.30456969764333	146.30456969764333	
179	53.97557156739205	44.68997999356199	44.68997999356199	
180	135.5081686493386	172.09277939415978	172.09277939415978	
181	50.480183488593006	60.52798135851384	60.52798135851384	
182	11.057830139052113	15.394212434986315	15.394212434986315	
183	-180.0768913885611	-189.92349285228815	-189.92349285228815	
184	164.35569513081296	166.52144963653893	166.52144963653893	
185	-7.112609415723112	-10.087545530665778	-10.087545530665778	
186	62.84110104060208	85.16209922198982	85.16209922198982	
187	150.2764099134342	147.53908234398523	147.53908234398523	
188	-60.32044462389096	-63.358255647387125	-63.358255647387125	
189	-18.615568832530744	-21.809618140838467	-21.809618140838467	
190	129.81788196470873	141.1044025809066	141.1044025809066	
191	-182.51102380570322	-189.83441301886165	-189.83441301886165	
192	-137.76260274664781	-121.31272256776538	-121.31272256776538	
193	115.19310596982469	130.47559634189838	130.47559634189838	
194	123.10123720503518	124.98914899986903	124.98914899986903	
195	42.34408644474541	54.860323055860135	54.860323055860135	
196	-292.62226115696984	-107.33441018434137	-107.33441018434137	
197	-97.11138237077768	-95.66735563418194	-95.66735563418194	
198	-3.2234024080830386	-5.020480488154504	-5.020480488154504	
199	-56.83153144299036	-58.99413359323427	-58.99413359323427	
200	-37.670803452679955	-47.574755205483825	-47.574755205483825	
201	64.38429556236747	68.05098416837166	68.05098416837166	
202	-76.48177428295749	-96.01641224047113	-96.01641224047113	
203	-102.58719782966486	-113.27956635178114	-113.27956635178114	
204	-15.779124256550757	-15.593459453279849	-15.593459453279849	
205	74.84525482489461	96.18171079650023	96.18171079650023	
206	-135.20530715243808	-139.69185665148348	-139.69185665148348	
207	71.0009616778856	81.5207783566866	81.5207783566866	
208	154.00278214838048	175.81828547694067	175.81828547694067	
209	-53.35293767371993	-44.97106064140425	-44.97106064140425	
210	59.12775331121835	68.9167369127698	68.9167369127698	
211	24.293307572970274	23.940772587779435	23.940772587779435	
212	111.59118361736444	124.43254442153443	124.43254442153443	
213	110.97528002786535	129.05718481550923	129.05718481550923	
214	48.92271449620308	54.88059990404304	54.88059990404304	
215	-74.88741463688983	-71.54258590703206	-71.54258590703206	
216	175.61061126715404	200.42575233281786	200.42575233281786	
217	-90.10391400561537	-88.74885118117993	-88.74885118117993	
218	-146.6983440827569	-163.26477980271272	-163.26477980271272	
219	-144.22389442821856	-148.18494692148406	-148.18494692148406	
220	80.1780537195301	109.46614838605495	109.46614838605495	
221	33.64828001046416	31.12546029936857	31.12546029936857	
222	132.71055007318654	156.10213227332628	156.10213227332628	
223	-159.59729379652018	-166.01053856711252	-166.01053856711252	
224	65.90995637279191	78.46617866876335	78.46617866876335	
225	-148.20135588570412	-177.53184585158175	-177.53184585158175	
226	82.4341140559833	85.62231094781794	85.62231094781794	
227	-174.26687061811188	-165.64390261060453	-165.64390261060453	
228	3.489063038306491	2.240906184942105	2.240906184942105	
229	101.36580170251536	105.05456114943814	105.05456114943814	
230	-113.54189052561637	-150.38928693538668	-150.38928693538668	
231	-61.05665044688801	-72.65756372555659	-72.65756372555659	
232	-62.148001305766655	-64.67231511936328	-64.67231511936328	
233	-153.81679325902192	-178.01096113267218	-178.01096113267218	
234	63.56082974172779	81.42941455162793	81.42941455162793	
235	-106.61759974199781	-81.12195336429895	-81.12195336429895	
236	-80.5456154607945	-79.27155627888565	-79.27155627888565	
237	69.14356837860733	68.74223991497507	68.74223991497507	
238	-19.47609478378854	-15.458781368104098	-15.458781368104098	
239	-18.973536920464575	-22.46790173429767	-22.46790173429767	
240	47.81563510265067	51.16131011764014	51.16131011764014	
241	-20.594822602980745	-26.79485758693218	-26.79485758693218	
242	71.86912064401301	80.62937903959022	80.62937903959022	
243	121.22144240685444	155.2797792295682	155.2797792295682	
244	128.29474235798446	182.30182424771186	182.30182424771186	
245	-49.26852479290752	-65.48581459626772	-65.48581459626772	
246	175.8032777233592	177.4320293269637	177.4320293269637	
247	-55.15972310071712	-66.037572177973	-66.037572177973	
248	530.4555913160972	185.98656710086703	185.98656710086703	
249	42.44977753843449	47.677204888015126	47.677204888015126	
250	-75.98421845734863	-88.25938164889584	-88.25938164889584	
251	75.08136391733284	86.32756047841866	86.32756047841866	
252	53.87118883718544	52.85037642146318	52.85037642146318	
253	-6.6371724658103854	-7.517632240188988	-7.517632240188988	
254	87.54473169073835	119.44851996491235	119.44851996491235	
255	40.39984257184347	50.018994066865304	50.018994066865304	
256	87.32074127094609	103.61888663091503	103.61888663091503	
257	-154.31075257792526	-179.1303102515866	-179.1303102515866	
258	-35.736672215395764	-42.476350010571	-42.476350010571	
259	47.440943476199536	55.257969842107116	55.257969842107116	
260	58.90691077144317	63.02123507546344	63.02123507546344	
261	-67.54568586090748	-81.32329843461895	-81.32329843461895	
262	-35.388460736028016	-39.24804342366593	-39.24804342366593	
263	-69.5710521182289	-81.53217777778308	-81.53217777778308	
264	-6.988106399441006	-11.341084722944828	-11.341084722944828	
265	-30.1894767477281	-26.398623536230645	-26.398623536230645	
266	-13.636009821646923	-11.57478698503158	-11.57478698503158	
267	-43.66770579395629	-34.333140550197754	-34.333140550197754	
268	252.76462836165183	170.77576510040944	170.77576510040944	
269	-91.08701871848164	-133.68366110521072	-133.68366110521072	
270	-172.60419467419098	-163.93226331710775	-163.93226331710775	
271	-102.29188282866642	-119.44910152648427	-119.44910152648427	
272	-86.2314889057945	-124.26538052956317	-124.26538052956317	
273	21.993171374558003	34.35055978422895	34.35055978422895	
274	-147.53788072288071	-138.75226067405686	-138.75226067405686	
275	9.092522172414723	11.817927017347444	11.817927017347444	
276	-159.04474069400155	-183.15333444117263	-183.15333444117263	
277	61.32570620284036	56.16089941902047	56.16089941902047	
278	133.97593724710993	162.71324927260366	162.71324927260366	
279	-30.060645803194898	-40.77286352318927	-40.77286352318927	
280	-111.7690029568593	-110.50317704907349	-110.50317704907349	
281	-165.92095930540697	-159.75834587921278	-159.75834587921278	
282	-1582.0852107484866	-128.81111067112724	-128.81111067112724	
283	-31.458311575140804	-31.308351981465222	-31.308351981465222	
284	30.07155909561566	30.586692961676448	30.586692961676448	
285	181.75277069269166	184.1751041110694	184.1751041110694	
286	69.72317703767543	71.85381175934606	71.85381175934606	
287	-201.2978223243628	-192.3557482301029	-192.3557482301029	
288	-127.78314477345008	-169.60890250775907	-169.60890250775907	
289	19.29088731235596	19.135122699107995	19.135122699107995	
290	-118.63592089781214	-159.2486392761648	-159.2486392761648	
291	60.353780861038025	79.55526820334472	79.55526820334472	
292	180.12803704731093	185.24791182757008	185.24791182757008	
293	109.11837291668176	126.8213787956816	126.8213787956816	
294	155.1614058269304	165.95383786791422	165.95383786791422	
295	57.75379178646698	61.764926100500304	61.764926100500304	
296	11.719971832929007	11.178169988130833	11.178169988130833	
297	25.145498985732964	24.205516110536053	24.205516110536053	
298	-48.110355555060316	-59.11303438351263	-59.11303438351263	
299	185.61618054610636	180.56228354077848	180.56228354077848	
300	-27.746150149100377	-37.32072016919659	-37.32072016919659	
301	-47.209981142149175	-30.507822947951553	-30.507822947951553	
302	75.753616029012	83.00615875200992	83.00615875200992	
303	-32.43151024824594	-41.61229814769641	-41.61229814769641	
304	98.08931696835434	91.13529643759114	91.13529643759114	
305	13.497310938227505	10.025872519894307	10.025872519894307	
306	-193.8917385365032	-176.95078504935057	-176.95078504935057	
307	78.58732862028118	92.80106971362272	92.80106971362272	
308	-122.17388336485295	-139.61596196534603	-139.61596196534603	
309	-48.022362187978494	-60.22626842030138	-60.22626842030138	
310	135.01983436696145	156.30953862446728	156.30953862446728	
311	150.19370106519528	168.2401085618772	168.2401085618772	
312	-102.53417769032288	-110.71130175233652	-110.71130175233652	
313	-193.82525152319124	-193.39185137653087	-193.39185137653087	
314	-115.31724138320072	-131.45714003794072	-131.45714003794072	
315	157.37703789314716	160.4843173706588	160.4843173706588	
316	-136.22010956619354	-176.96837759233597	-176.96837759233597	
317	-3.9333024828925245	-4.966991105996129	-4.966991105996129	
318	-51.120929300632554	-53.70003191087437	-53.70003191087437	
319	109.19150518496178	121.16040152402371	121.16040152402371	
320	36.624073179704986	32.73355619777328	32.73355619777328	
321	4.997759757225515	4.758709392128111	4.758709392128111	
322	73.79576562426212	91.93701518595356	91.93701518595356	
323	63.005159871736964	73.69466802399728	73.69466802399728	
324	-127.93019228418707	-181.68769874165895	-181.68769874165895	
325	-96.43434124625597	-110.9281247530949	-110.9281247530949	
326	194.91412044302146	202.2057038168851	202.2057038168851	
327	170.36649703064603	155.52990299557098	155.52990299557098	
328	127.54327004235051	108.11332524725259	108.11332524725259	
329	-73.37491885287339	-73.77350629268815	-73.77350629268815	
330	173.5408153111458	188.68377517055774	188.68377517055774	
331	-64.71564540852926	-64.9853564155056	-64.9853564155056	
332	151.2370975485072	118.59136775246685	118.59136775246685	
333	-7.306664897174481	-7.758574439122043	-7.758574439122043	
334	-163.33745358691584	-189.6856916552506	-189.6856916552506	
335	-63.231690359321995	-83.89296214237233	-83.89296214237233	
336	141.05947878923004	146.01326065094167	146.01326065094167	
337	43.87216512042239	51.30614077781655	51.30614077781655	
338	-195.10721041324973	-181.38912640197222	-181.38912640197222	
339	-74.64038135119159	-89.49735159514256	-89.49735159514256	
340	-163.12261430488326	-180.03975569904813	-180.03975569904813	
341	99.34748122521053	122.99725815634974	122.99725815634974	
342	-4.27348250343247	-5.047551893253626	-5.047551893253626	
343	-46.51159007208045	-55.534284435398746	-55.534284435398746	
344	75.72552689720769	88.24362199537501	88.24362199537501	
345	181.16555150193983	189.39004645532123	189.39004645532123	
346	-44.524775696887986	-23.549915199719266	-23.549915199719266	
347	78.84558144699434	93.75518722406304	93.75518722406304	
348	45.32612673645097	58.83570535889896	58.83570535889896	
349	45.21740027335634	66.34456034752475	66.34456034752475	
350	72.2610519405963	76.70137593901421	76.70137593901421	
351	27.2593029046607	22.098152143271136	22.098152143271136	
352	140.6740088093109	130.54640598673387	130.54640598673387	
353	-37.01176739594036	-40.54128292746759	-40.54128292746759	
354	-191.28863015527384	-190.5741517433589	-190.5741517433589	
355	89.06923696736823	84.36991388239034	84.36991388239034	
356	89.5122307361221	195.58316109390893	195.58316109390893	
357	-36.12665211805907	-45.735259069585766	-45.735259069585766	
358	173.47524061677402	201.96169173491688	201.96169173491688	
359	158.76968240971385	173.66424813526118	173.66424813526118	
360	149.9528390127562	158.85358836925718	158.85358836925718	
361	53.19053153080226	65.0875236375881	65.0875236375881	
362	-162.0228749095795	-165.53443040278822	-165.53443040278822	
363	74.67281069814167	80.1944335764191	80.1944335764191	
364	-17.546308172109725	62.019428319018004	62.019428319018004	
365	56.38577106552676	42.90923342175353	42.90923342175353	
366	-153.57903405872472	-188.7188310281654	-188.7188310281654	
367	-148.62386393808544	-152.52018846273424	-152.52018846273424	
368	-132.77724944661327	-148.82164031285632	-148.82164031285632	
369	-48.21601055800882	-43.103764627484765	-43.103764627484765	
370	-115.37242156697968	-145.51257942326447	-145.51257942326447	
371	-1.2748056038552185	-168.76498546097793	-168.76498546097793	
372	48.41377431990652	65.79326833779487	65.79326833779487	
373	101.21740725762926	83.66969514708933	83.66969514708933	
374	-8.48378571150915	-13.139999044197367	-13.139999044197367	
375	106.22174019482576	126.57599164028278	126.57599164028278	
376	44.98478365807153	43.61695734806398	43.61695734806398	
377	25.98773420215689	30.809624553997992	30.809624553997992	
378	78.13454739538638	77.16241462391434	77.16241462391434	
379	142.81470803487133	156.54975868412777	156.54975868412777	
380	159.07137276829795	169.57407138327096	169.57407138327096	
381	47.03019580830568	47.11509765609628	47.11509765609628	
382	-10.677190896605374	-8.34060593005097	-8.34060593005097	
383	-97.44492017331264	-116.54685262169514	-116.54685262169514	
384	-80.56895692547741	-99.67325838182502	-99.67325838182502	
385	5.675795545991807	27.479036028840767	27.479036028840767	
386	8.853069320726968	6.4864061656005845	6.4864061656005845	
387	-112.08992077236933	-132.84868470169562	-132.84868470169562	
388	-137.40422766462856	-152.3142191227106	-152.3142191227106	
389	42.66901574628961	46.814493981275064	46.814493981275064	
390	-112.68342953978028	-127.06432117128031	-127.06432117128031	
391	21.241155131442373	19.179920011447336	19.179920011447336	
392	147.08767300805707	152.6213735497803	152.6213735497803	
393	151.97656096189414	151.75670241483851	151.75670241483851	
394	120.4042896121065	122.16451758196655	122.16451758196655	
395	-6.819956421279958	10.475926625220808	10.475926625220808	
396	-38.859822049189695	-116.94470676441628	-116.94470676441628	
397	21.37009537701743	40.966775744194166	40.966775744194166	
398	173.25796083997417	157.66905956949978	157.66905956949978	
399	127.93151833110434	138.1223170623727	138.1223170623727	
400	175.0034784275008	172.12056218937465	172.12056218937465	
401	141.36319747543052	154.9513916157452	154.9513916157452	
402	-35.9595374901299	-29.115088721885456	-29.115088721885456	
403	41.97226812321094	51.44283044753416	51.44283044753416	
404	61.408048131325735	65.36996701909362	65.36996701909362	
405	-45.73393207414998	-31.91758420544383	-31.91758420544383	
406	-120.33028397342521	-134.860518558624	-134.860518558624	
407	-132.38885885790867	-183.56994547424094	-183.56994547424094	
408	65.19022771538177	70.71217155506679	70.71217155506679	
409	25.153353331354218	30.850777829054664	30.850777829054664	
410	-45.80988043412903	-47.194998015871136	-47.194998015871136	
411	106.811137160159	117.13252388171952	117.13252388171952	
412	77.69178725356957	86.2665404067235	86.2665404067235	
413	-134.86829129818994	-162.95057873565668	-162.95057873565668	
414	158.39365889960337	169.62488439139793	169.62488439139793	
415	-73.97900667646802	-109.25766635821977	-109.25766635821977	
416	210.67666579354542	196.41682447857573	196.41682447857573	
417	28.54332160644956	29.18006139416576	29.18006139416576	
418	-53.985271804116316	186.09077534225497	186.09077534225497	
419	-54.787739782211005	-72.92673858732151	-72.92673858732151	
420	117.6502377821068	135.68643746737092	135.68643746737092	
421	161.2109125173383	158.1993899064496	158.1993899064496	
422	-8.582113508158013	-10.9092561677015	-10.9092561677015	
423	-10.807321246293077	-23.4116845256178	-23.4116845256178	
424	31.586665498587973	43.0023929730564	43.0023929730564	
425	-138.19095423987787	-182.0584395971517	-182.0584395971517	
426	80.063654871896	91.11134309863195	91.11134309863195	
427	-6.679738545057978	-1.7225396450191965	-1.7225396450191965	
428	-83.52723134067236	-146.43412914290937	-146.43412914290937	
429	85.43040118848941	99.25981361391598	99.25981361391598	
430	-54.38536021758586	-51.00613112833116	-51.00613112833116	
431	129.3005995478122	159.03672876881677	159.03672876881677	
432	-81.67913691325839	-102.88763027605009	-102.88763027605009	
433	3.6397304404865665	21.102038886705486	21.102038886705486	
434	-151.9183943821805	-174.34296727014743	-174.34296727014743	
435	188.12535648021048	193.52484956852607	193.52484956852607	
436	135.40217646877818	147.30955437047515	147.30955437047515	
437	-144.74109999095694	-159.73461915759856	-159.73461915759856	
438	91.27617059381075	98.71462293594146	98.71462293594146	
439	-137.17901839969264	-141.389469021282	-141.389469021282	
440	-5189.890046365717	-170.51495692318224	-170.51495692318224	
441	-71.16347175791097	-84.81400703325475	-84.81400703325475	
442	105.24054112151474	93.71697234410789	93.71697234410789	
443	-60.530982172377435	-67.20298909006209	-67.20298909006209	
444	-22.539383764810438	-33.94627885278109	-33.94627885278109	
445	24.895658092138092	30.018766347391363	30.018766347391363	
446	-50.616189411526534	-50.433940770180925	-50.433940770180925	
447	94.47978215850175	85.5500976346276	85.5500976346276	
448	-36.38175374940114	-43.65124698584981	-43.65124698584981	
449	1.7495234201372032	17.07921363257998	17.07921363257998	
450	104.31952888149178	122.63734429323478	122.63734429323478	
451	-26.175902769905065	-33.55301812303691	-33.55301812303691	
452	171.71407823137997	174.85481948689835	174.85481948689835	
453	92.74103852266805	114.2573514617273	114.2573514617273	
454	-87.28611609224775	-89.53651412814833	-89.53651412814833	
455	96.96842269558987	99.48555885644322	99.48555885644322	
456	147.5347394461329	183.26938388240177	183.26938388240177	
457	-194.32695127035936	-165.81270253304567	-165.81270253304567	
458	101.54189654150207	107.10470600663137	107.10470600663137	
459	29.026365019154337	34.181909761475794	34.181909761475794	
460	-59.11277725791884	-57.52247845165405	-57.52247845165405	
461	-93.53281908776763	-89.67227523044022	-89.67227523044022	
462	-7.140017801477391	-20.663184842963688	-20.663184842963688	
463	104.45698469084806	119.03360957638165	119.03360957638165	
464	65.07633989136136	64.32089815880721	64.32089815880721	
465	16.466278471664936	19.45357466849532	19.45357466849532	
466	-119.27340386695981	-124.87332783655413	-124.87332783655413	
467	63.95521273295844	55.80828084836662	55.80828084836662	
468	21.62080193552491	23.075005804852708	23.075005804852708	
469	-128.57905149470497	-126.31963512064112	-126.31963512064112	
470	-6.298296124119813	-8.76336436480102	-8.76336436480102	
471	-80.0370642971938	-83.12671511060314	-83.12671511060314	
472	-93.72191472873446	-116.54082653694603	-116.54082653694603	
473	64.62515899741437	63.774326710653554	63.774326710653554	
474	-13.988945897603218	-17.265886006968742	-17.265886006968742	
475	-76.51651449823804	-77.12718128967951	-77.12718128967951	
476	-162.63424791976664	-171.21990390412998	-171.21990390412998	
477	37.23198503474438	46.04255112983205	46.04255112983205	
478	-12.992220156732214	-14.636771191860987	-14.636771191860987	
479	-5.953213448064737	-6.954521507245573	-6.954521507245573	
480	-128.87914488817714	-135.79545157221335	-135.79545157221335	
481	-134.94226967354675	-159.82100183347464	-159.82100183347464	
482	-47.088396448452805	-46.5929634401551	-46.5929634401551	
483	-113.96618305898456	-140.15825163718054	-140.15825163718054	
484	176.6028540407813	184.50148713702822	184.50148713702822	
485	160.27449153006182	164.9967654158737	164.9967654158737	
486	-51.82388659416686	-153.8952469115052	-153.8952469115052	
487	127.44889920165224	146.36497107673296	146.36497107673296	
488	-32.387119881662514	-36.05594537434189	-36.05594537434189	
489	46.74435846565728	49.595701357044504	49.595701357044504	
490	35.495404642003095	52.78953166979559	52.78953166979559	
491	-61.31865827881043	-77.13801186710387	-77.13801186710387	
492	-136.65879709629843	-161.12273720489839	-161.12273720489839	
493	118.00781368213737	120.98911604301003	120.98911604301003	
494	84.5708331622314	119.06240109303474	119.06240109303474	
495	-110.66918391740964	-132.22374508055844	-132.22374508055844	
496	4.391040838690375	-0.631830986462603	-0.631830986462603	
497	-116.32281401614635	-126.27860816895938	-126.27860816895938	
498	122.33489997123984	147.7970857177503	147.7970857177503	
499	35.016109468479335	54.365664918969	54.365664918969	
